  -5.8800000e+00   1.3132054e+00
  -4.8000000e+00  -2.5288840e-01
  -2.1000000e+00   1.4350583e+00
  -7.2000000e-01   2.9193465e+00
  -5.2200000e+00   8.6011700e-01
  -2.2800000e+00   8.8284198e-01
  -5.4000000e-01   2.0138466e+00
  -4.9200000e+00   1.7161752e-01
   0.0000000e+00   2.1508857e+00
  -3.9600000e+00  -9.8813789e-01
  -6.6000000e-01   2.4151324e+00
  -6.0000000e+00   1.6701698e+00
  -5.4000000e+00   1.0929709e+00
  -3.0000000e-01   2.5605555e+00
  -9.6000000e-01   2.6819731e+00
  -5.2800000e+00   1.2357729e+00
  -2.5200000e+00   1.1046087e+00
  -5.1600000e+00   7.1660916e-01
  -1.4400000e+00   2.3795790e+00
  -5.5800000e+00   1.2673739e+00
  -4.3800000e+00  -9.2047899e-01
  -4.5000000e+00   2.8572474e-01
  -1.8600000e+00   1.5832922e+00
  -3.4800000e+00  -1.9793234e-01
  -2.3400000e+00   8.0115248e-01
  -3.9000000e+00  -2.1404910e-01
  -4.6800000e+00  -7.2404596e-01
  -2.0400000e+00   1.9075679e+00
  -6.0000000e-02   1.9131932e+00
  -5.9400000e+00   1.3748448e+00
  -4.9800000e+00   1.1976346e-01
  -3.8400000e+00  -7.2391742e-01
  -2.8200000e+00   5.6414990e-01
  -4.6200000e+00  -8.6086049e-01
  -4.7400000e+00   5.5500043e-01
  -4.0200000e+00  -2.9025375e-01
  -3.5400000e+00  -4.0739553e-01
  -5.6400000e+00   1.1718496e+00
  -1.2000000e+00   2.4763459e+00
  -5.4600000e+00   8.8939148e-01
  -1.0200000e+00   2.2442463e+00
  -9.0000000e-01   2.3679674e+00
  -4.4400000e+00   2.3643667e-02
  -2.8800000e+00   9.2764580e-01
  -6.0000000e-01   2.5138862e+00
  -4.2600000e+00  -5.7573600e-01
  -1.3800000e+00   2.3394162e+00
  -5.0400000e+00   5.8596428e-01
  -5.5200000e+00   6.0778761e-01
  -3.6000000e-01   2.5681577e+00
  -1.7400000e+00   1.0467450e+00
  -3.0000000e+00   2.9772771e-01
  -2.5800000e+00   7.8615313e-01
  -4.2000000e-01   2.2850825e+00
  -4.8600000e+00  -3.0110775e-01
  -5.7600000e+00   1.1477265e+00
  -2.9400000e+00   1.2097951e-01
  -1.6200000e+00   2.2579488e+00
  -5.8200000e+00   1.3024293e+00
  -1.6800000e+00   1.4380089e+00
  -3.4200000e+00  -1.0157421e+00
  -4.0800000e+00  -3.2188934e-03
  -1.5600000e+00   1.8719980e+00
  -1.9200000e+00   2.0369054e+00
  -2.6400000e+00   9.3813878e-01
  -5.3400000e+00   1.1629226e+00
  -1.8000000e+00   1.8317084e+00
  -2.1600000e+00   1.3081984e+00
  -1.2000000e-01   2.7683994e+00
  -3.1800000e+00   3.8013906e-01
  -2.7600000e+00   4.5642870e-01
  -3.6600000e+00  -2.2069440e-01
  -4.2000000e+00  -8.2108919e-01
  -2.4000000e+00   8.8856031e-01
  -1.9800000e+00   1.4215261e+00
  -4.5600000e+00   1.2923199e-02
  -3.7800000e+00  -3.6474432e-01
  -3.6000000e+00  -6.2216543e-01
  -1.1400000e+00   1.8799969e+00
  -2.4000000e-01   1.8432059e+00
  -3.7200000e+00  -5.5193006e-01
  -4.1400000e+00   1.0958682e-02
  -7.8000000e-01   2.5896317e+00
  -1.5000000e+00   1.8669326e+00
  -2.7000000e+00   9.7248314e-01
  -1.2600000e+00   2.4402588e+00
  -2.4600000e+00   1.3252316e+00
  -2.2200000e+00   1.1276440e+00
  -3.1200000e+00   8.4812357e-02
  -1.8000000e-01   2.4882854e+00
  -8.4000000e-01   1.9973900e+00
  -5.1000000e+00   3.1364870e-01
  -4.3200000e+00  -6.7699011e-01
  -5.7000000e+00   2.4779802e+00
  -3.3600000e+00  -1.1823696e-01
  -3.3000000e+00  -3.9990309e-01
  -1.3200000e+00   1.9690978e+00
  -4.8000000e-01   2.2389570e+00
  -1.0800000e+00   2.4542266e+00
  -3.0600000e+00  -6.9926951e-02
