8 8 8 8 3 3 7 7 7 7 7 7 1 1 1 1 0 0 0 0 0 0 6 6 6 6 11 11 11 11 2 7 1 1 0 0 0 0 0 0 6 6 6 6 6 11 11 11 11 11 11 11 11 11 2 2 3 3 3 4 4 4 4 4 5 5 5 5 10 10 10 11 11 5 5 
8 8 8 8 8 3 3 7 7 7 7 7 7 1 1 1 1 1 1 1 1 1 0 0 0 0 0 6 6 6 6 11 11 2 1 1 0 0 0 0 6 6 6 6 11 11 11 11 11 11 11 3 3 3 3 3 4 4 4 4 4 4 4 5 5 5 10 10 11 11 5 5 
8 8 8 8 8 8 8 8 3 3 3 3 3 7 7 7 7 7 7 7 7 1 1 1 1 1 1 1 1 1 1 1 1 1 0 0 0 0 0 0 0 0 6 6 6 6 6 6 11 11 11 11 2 1 1 1 0 0 0 0 0 0 6 6 6 6 6 6 6 6 11 11 11 11 11 11 11 11 3 2 3 3 3 3 3 3 4 4 4 4 4 4 4 5 5 5 5 5 5 1 1 5 0 0 0 6 6 6 6 6 11 11 11 11 11 11 5 5 
8 8 2 8 8 8 8 8 3 3 7 7 7 7 7 1 1 1 1 0 0 0 0 0 6 6 11 11 11 11 11 1 1 0 0 0 6 6 6 11 11 11 11 11 11 3 2 3 3 3 4 4 4 4 4 5 5 5 10 10 10 11 5 5 
8 8 7 7 1 1 8 8 8 8 8 8 8 8 3 3 8 8 3 3 3 7 7 7 7 7 7 7 7 7 7 7 1 1 1 1 1 1 1 1 1 1 1 1 1 1 0 0 0 0 0 0 0 0 0 6 6 6 6 6 6 11 11 11 11 11 1 1 1 0 0 0 0 6 6 6 6 6 6 11 11 11 11 11 3 2 3 3 3 3 3 3 3 4 4 4 4 4 4 4 4 5 5 5 10 10 10 11 11 5 5 
8 8 8 8 8 8 8 8 3 3 3 7 7 7 7 7 1 1 1 1 1 1 0 0 0 0 0 6 6 6 6 11 11 7 7 7 0 0 0 0 0 0 6 6 6 6 11 11 11 11 11 11 3 3 3 3 3 3 4 4 4 4 5 5 5 5 10 5 5 
8 8 7 7 1 1 0 0 6 8 7 0 6 6 11 3 3 3 4 4 5 10 5 5 
8 8 8 8 8 8 8 8 8 8 8 8 8 3 3 3 3 7 7 7 7 7 7 7 7 7 7 7 7 7 7 7 7 1 1 1 1 1 1 1 1 1 1 1 1 1 1 1 1 1 1 1 1 0 0 0 0 0 0 0 6 6 6 6 6 6 6 11 11 11 2 1 1 1 1 1 0 0 0 0 0 0 0 0 0 6 6 6 6 6 6 6 6 6 11 11 11 11 11 11 11 11 11 11 11 11 11 11 11 11 11 3 3 3 3 3 3 3 4 4 4 4 4 4 4 4 4 4 5 5 5 5 5 5 10 10 10 10 10 10 10 10 10 6 3 11 11 11 11 4 4 4 4 5 5 
8 8 8 7 7 1 1 0 0 6 6 7 0 0 6 6 11 11 11 2 3 4 4 4 5 10 10 11 5 5 
8 8 8 8 8 3 3 3 7 7 7 7 7 7 7 7 1 1 1 1 1 1 1 1 1 1 0 0 0 0 0 6 6 6 6 6 6 6 11 11 11 11 2 1 1 0 0 0 0 0 0 0 6 6 6 6 6 6 6 6 11 11 11 11 11 11 11 11 3 3 3 3 3 3 3 4 4 4 4 4 4 4 4 4 4 4 4 5 5 5 5 5 5 10 10 10 10 3 3 3 4 4 5 5 
8 8 8 8 8 8 8 8 3 3 3 3 7 7 7 7 1 1 1 1 0 0 0 0 6 6 6 6 6 6 11 11 11 1 1 1 0 0 0 0 6 6 6 6 6 6 11 11 11 11 11 3 2 2 3 3 3 3 4 4 4 4 4 4 4 5 5 5 5 10 10 10 11 11 5 5 
8 8 8 8 8 3 3 7 7 7 7 1 1 1 1 1 0 0 0 0 0 6 6 6 6 6 11 11 2 1 1 1 0 0 0 0 6 6 6 6 11 11 11 11 11 11 3 3 3 3 3 3 4 4 4 4 4 4 5 5 5 10 10 10 3 3 4 5 5 
8 8 8 8 8 3 3 3 3 7 7 7 7 7 1 1 1 1 1 1 0 0 0 0 0 0 0 6 6 6 6 11 11 2 7 1 0 0 0 0 0 6 6 6 6 6 11 11 11 11 11 11 11 3 2 3 3 3 3 4 4 4 4 4 4 4 4 5 5 5 5 5 10 10 10 10 3 3 4 5 5 
8 8 8 8 8 8 3 3 3 3 7 7 7 7 7 1 1 1 1 1 1 0 0 0 0 0 6 6 6 6 8 11 11 11 2 1 1 0 0 0 0 0 6 6 6 6 6 11 11 11 11 11 11 11 3 3 3 3 3 4 4 4 4 4 4 4 4 4 4 5 5 5 5 10 10 10 10 3 4 5 5 
8 8 8 8 3 3 7 7 7 1 1 1 1 0 0 0 0 6 6 6 11 11 2 1 0 0 0 6 6 6 6 11 11 11 11 3 2 3 3 4 4 4 4 4 4 5 5 5 10 10 10 3 4 5 5 
8 8 8 8 3 7 7 7 1 1 0 0 0 6 6 6 11 11 2 1 0 0 0 6 6 6 11 11 11 3 3 3 3 4 4 4 4 4 5 5 10 10 10 11 5 5 
8 8 8 3 7 7 1 1 0 0 0 6 6 11 2 1 0 0 6 6 6 11 11 11 3 3 3 3 4 4 4 5 5 5 10 10 5 5 
8 8 8 8 8 8 3 3 7 7 1 1 1 0 0 0 0 0 6 6 6 6 11 11 2 1 1 0 0 0 6 6 6 6 11 11 11 11 3 3 3 3 3 4 4 4 4 4 4 5 5 5 5 10 10 10 3 11 5 5 
8 8 8 8 8 8 8 3 3 7 7 7 7 1 1 1 0 0 0 0 0 6 6 6 6 11 11 2 1 1 0 0 0 6 6 6 6 11 11 11 11 3 3 3 3 3 4 4 4 4 4 4 5 5 5 10 10 10 3 3 5 5 
8 8 8 8 3 3 7 7 7 7 7 7 7 7 5 5 8 1 1 1 1 1 1 1 0 0 0 0 0 6 6 6 6 11 11 2 1 1 0 0 0 0 6 6 6 6 11 11 11 11 11 11 3 3 3 3 4 4 4 5 5 5 10 10 3 5 5 
8 8 8 8 8 8 3 7 7 7 7 7 7 7 7 7 7 7 1 1 1 1 1 1 1 1 1 1 1 1 0 0 0 0 0 0 6 6 6 6 6 11 11 2 2 1 1 0 0 0 0 6 6 6 6 6 11 11 11 11 11 11 3 3 3 3 3 3 3 4 4 4 4 4 4 4 5 5 5 5 10 10 2 3 11 5 5 
8 8 2 8 8 3 7 7 7 1 1 0 0 0 0 6 0 0 0 0 6 6 6 6 10 11 3 3 3 4 4 4 5 5 10 10 10 5 5 
8 8 7 8 8 8 8 8 8 8 8 8 8 8 8 3 3 3 3 7 7 7 7 7 7 7 7 7 1 1 1 1 1 1 1 1 1 1 1 1 1 1 1 0 0 0 0 0 0 0 0 6 6 6 6 6 6 6 6 11 11 11 7 2 1 1 1 1 1 0 0 0 0 0 0 6 6 6 6 6 6 6 6 6 6 11 11 11 11 11 11 11 11 11 11 3 9 3 3 3 3 3 4 4 4 4 4 4 4 5 5 5 5 5 5 6 6 6 6 11 11 11 5 5 
8 8 8 8 8 8 8 8 3 3 3 3 3 3 7 7 7 7 7 7 7 7 7 7 7 7 7 7 7 7 7 7 7 5 1 1 1 1 1 1 1 1 1 1 1 1 1 1 1 1 1 1 1 0 0 0 0 0 0 0 0 0 0 0 0 6 6 6 6 6 6 6 6 11 6 6 11 11 11 11 11 1 1 1 1 0 0 0 0 0 0 0 0 0 6 6 6 6 6 6 6 6 6 6 6 6 11 11 11 11 10 10 11 11 11 11 11 11 11 11 11 11 11 11 3 2 3 3 3 3 3 3 3 3 3 3 4 4 4 4 4 4 4 4 5 5 5 5 5 10 10 10 10 10 3 3 11 5 5 
8 8 8 7 7 7 1 1 1 0 0 6 6 11 9 1 0 0 0 6 6 6 11 11 11 3 3 3 4 4 4 5 5 5 10 10 5 5 
8 8 8 8 8 8 8 8 8 8 3 3 3 7 7 7 7 7 7 7 7 7 7 7 7 7 1 1 1 1 1 1 1 1 1 1 1 1 1 1 1 1 0 0 0 0 0 0 0 0 0 0 6 6 6 6 6 6 11 11 11 2 1 1 1 0 0 0 6 6 6 6 6 6 6 6 6 11 11 11 11 11 11 11 11 3 2 2 3 3 3 4 4 4 4 4 4 4 4 4 4 5 5 5 5 10 10 10 10 3 3 3 4 4 5 5 
8 8 8 8 8 3 3 3 7 7 7 7 7 7 7 7 5 1 1 1 1 1 1 1 1 1 1 0 0 0 0 0 0 6 6 6 6 6 11 11 2 1 1 1 0 0 0 0 6 6 6 6 6 11 11 11 11 11 11 11 11 3 3 3 3 4 4 4 4 4 5 5 5 10 10 10 3 3 3 4 4 5 5 
8 8 7 1 1 8 8 8 8 8 8 8 8 8 8 8 3 3 3 3 3 7 7 7 7 7 7 1 1 1 1 1 1 1 1 1 1 1 1 0 0 0 0 0 0 0 0 6 6 6 6 6 11 11 11 2 2 1 1 0 0 0 0 6 6 6 6 6 6 11 11 11 11 11 11 11 3 3 3 3 3 3 3 3 4 4 4 4 4 4 5 5 5 10 10 10 3 11 4 5 5 
8 8 8 8 3 3 7 7 7 7 1 1 1 1 1 1 0 0 0 0 0 0 6 6 6 11 11 2 1 1 0 0 0 0 0 6 6 6 6 11 11 11 11 11 11 3 3 3 3 3 3 3 4 4 4 4 4 4 5 5 5 5 10 10 10 10 11 11 5 5 
8 8 8 8 3 3 7 7 7 7 7 1 1 1 1 1 0 0 0 0 0 0 6 6 6 6 11 11 11 11 1 1 1 0 0 0 0 0 6 6 6 6 11 11 11 11 11 11 11 3 2 3 3 3 3 3 4 4 4 4 4 4 5 5 5 5 10 10 10 11 11 11 5 5 
8 8 8 8 3 3 3 3 7 7 7 7 7 7 1 1 1 1 1 1 0 0 0 0 0 6 6 6 6 6 11 11 11 9 1 1 1 0 0 0 0 0 6 6 6 6 6 11 11 11 11 11 3 3 3 3 3 3 3 4 4 4 4 4 5 5 5 5 10 10 10 11 11 5 5 
8 8 8 8 3 7 7 7 7 1 1 1 0 0 0 6 6 6 11 11 11 1 1 0 0 0 6 6 6 11 11 11 11 3 2 3 3 3 4 4 4 4 5 5 5 5 10 10 11 5 5 
8 8 8 8 3 3 7 7 7 7 7 1 1 1 1 1 0 0 0 0 0 6 6 6 11 11 2 1 1 1 0 0 0 0 0 6 6 6 6 11 11 11 11 11 3 3 3 3 3 4 4 4 4 4 4 4 5 5 5 5 10 10 10 11 11 5 5 
8 8 8 8 8 3 3 3 3 7 7 7 7 7 7 1 1 1 1 1 1 1 0 0 0 0 0 6 6 6 6 11 11 11 11 1 1 1 0 0 0 0 0 6 6 6 6 11 11 11 11 11 11 3 2 3 3 3 4 4 4 4 4 4 4 5 5 5 10 10 10 10 11 11 5 5 
8 8 8 8 8 8 3 3 3 3 3 7 7 7 7 7 7 7 7 7 1 1 1 1 1 1 1 0 0 0 0 0 0 0 0 6 6 6 6 11 11 11 11 1 1 0 0 0 0 0 0 0 0 0 6 6 6 6 6 6 6 11 11 11 11 11 11 11 11 3 2 3 3 3 3 4 4 4 4 4 4 4 4 4 5 5 5 5 10 10 10 10 11 5 5 
8 8 8 8 8 3 3 3 7 7 7 7 7 7 7 7 7 1 1 1 1 1 1 1 1 1 1 1 1 0 0 0 0 6 6 6 6 6 6 11 11 11 2 1 1 0 0 0 0 0 0 6 6 6 6 6 6 11 11 11 11 11 11 11 3 3 3 3 3 3 4 4 4 4 4 5 5 5 5 10 10 10 11 5 5 
8 8 8 8 8 8 8 8 3 3 3 3 3 7 7 7 7 7 7 1 1 1 1 1 1 1 1 1 1 1 1 1 0 0 0 0 0 0 0 6 6 6 6 6 6 11 7 7 1 0 0 0 6 6 6 6 6 6 6 11 11 11 11 11 11 11 3 2 3 3 3 3 4 4 4 4 4 4 5 5 5 5 10 10 10 11 11 5 5 
8 8 8 8 8 8 3 3 7 7 7 7 7 7 1 1 1 1 1 1 0 0 0 0 0 6 6 6 11 11 2 1 1 0 0 0 6 6 6 6 6 6 11 11 11 11 11 3 2 3 3 3 4 4 4 4 4 5 5 5 5 10 10 10 11 11 5 5 
8 8 8 8 8 8 8 8 3 3 3 3 7 7 7 7 7 5 5 5 1 1 1 1 1 1 1 0 0 0 0 0 6 6 6 6 6 11 11 11 2 1 1 0 0 0 0 6 6 6 6 6 11 11 11 11 11 3 3 3 3 4 4 4 4 4 5 5 5 5 10 10 10 11 11 5 5 
8 8 8 8 8 8 8 8 3 3 3 7 7 7 7 7 1 1 1 1 1 1 1 1 0 0 0 0 0 6 6 6 6 11 11 11 2 7 1 1 0 0 0 0 6 6 6 11 11 11 11 11 11 2 3 3 3 3 4 4 4 4 4 5 5 5 5 10 10 11 5 5 
8 8 8 8 8 3 3 3 7 7 7 1 1 1 0 0 0 6 6 6 6 7 1 0 0 6 6 6 6 11 11 11 11 3 3 3 4 4 4 4 5 5 5 0 6 6 11 5 5 
8 8 8 8 8 8 8 8 8 8 3 3 7 7 7 7 7 1 1 1 1 1 1 0 0 0 0 0 6 6 6 6 7 7 7 0 0 0 6 6 6 6 6 6 6 11 11 11 3 3 3 3 3 4 4 4 4 4 4 5 5 5 10 10 10 11 5 5 
8 8 8 8 8 8 8 8 8 8 3 3 3 3 7 7 7 7 7 7 1 1 1 1 1 1 1 0 0 0 0 0 6 6 6 6 11 7 7 1 0 0 0 6 6 6 6 6 6 11 11 11 11 3 3 3 3 3 4 4 4 4 5 5 5 5 10 10 10 11 11 5 5 
8 8 1 8 8 8 8 8 8 8 8 8 3 3 7 7 7 7 7 1 1 1 1 1 1 0 0 0 0 6 6 6 11 7 1 0 0 0 6 6 6 6 6 11 11 11 11 11 3 3 3 3 4 4 4 4 4 5 5 5 10 10 11 5 5 
8 8 8 8 8 8 8 8 3 3 7 2 7 7 1 1 1 1 0 0 0 0 0 0 0 6 6 8 11 7 7 1 0 0 0 6 6 6 6 6 11 11 11 3 3 3 3 3 4 4 4 4 5 5 5 10 10 10 11 5 5 
8 8 8 8 8 8 8 3 3 7 7 7 7 1 1 1 1 1 0 0 0 0 6 6 8 7 0 0 0 0 6 6 6 6 11 11 11 11 3 3 3 3 4 4 4 4 4 5 5 5 10 10 11 5 5 
8 8 8 8 8 8 8 8 3 3 3 7 7 7 7 1 1 1 1 1 0 0 0 0 0 0 6 6 6 7 2 1 0 0 0 6 6 6 6 6 11 11 11 11 3 3 3 3 4 4 4 4 4 5 5 5 10 10 11 5 5 
8 8 7 8 8 8 8 8 8 8 3 3 3 7 7 7 7 7 1 1 1 1 1 1 0 0 0 0 6 6 6 7 7 0 0 0 0 6 6 6 6 6 11 11 11 11 3 3 3 3 3 4 4 4 4 5 5 5 5 10 10 11 5 5 
8 8 8 8 8 3 3 3 3 7 7 7 7 7 7 1 1 1 1 1 0 0 0 0 6 6 6 6 11 7 7 1 0 0 0 0 6 6 6 6 6 11 11 11 3 3 3 3 3 3 4 4 4 4 5 5 5 5 10 10 10 5 5 
8 8 8 8 8 8 3 7 7 7 1 1 0 0 0 6 6 6 0 0 0 6 6 6 11 11 3 3 3 4 4 4 4 5 5 10 10 5 5 
8 8 8 8 8 8 8 3 3 7 7 7 7 7 1 1 1 0 0 0 0 6 6 6 7 7 0 0 0 6 6 6 11 11 11 3 3 3 3 4 4 4 5 5 5 10 10 11 5 5 
8 8 8 3 3 3 3 7 7 7 7 7 7 7 1 1 1 1 1 1 1 0 0 0 0 0 6 6 6 6 11 11 11 2 1 1 0 0 0 0 6 6 6 6 6 11 11 11 11 11 11 11 3 3 3 3 3 4 4 4 4 4 4 4 5 5 5 5 5 5 5 6 6 5 11 11 5 5 
8 8 8 3 3 3 7 7 7 7 7 7 7 7 7 7 1 1 1 1 1 1 1 1 0 0 0 0 0 0 0 6 6 6 11 11 7 7 7 0 0 0 0 0 0 6 6 6 6 6 11 11 11 11 11 11 11 11 3 2 3 3 3 3 4 4 4 4 4 4 4 4 4 4 5 5 5 5 5 5 5 10 0 0 0 6 6 6 6 6 11 11 11 11 11 11 11 11 5 5 
8 8 8 8 8 8 8 8 3 3 3 7 7 7 7 1 1 1 1 1 0 0 0 0 6 6 6 6 11 11 11 9 1 1 0 0 0 0 6 6 6 6 11 11 11 11 11 3 3 3 3 3 4 4 4 4 4 4 5 5 5 10 10 10 11 4 5 5 
8 8 8 8 8 3 3 3 7 7 7 7 7 7 7 7 7 7 7 1 1 1 1 1 1 1 1 1 1 1 0 0 0 0 0 0 0 0 0 6 6 6 6 6 6 6 11 11 11 11 11 1 1 1 0 0 0 0 0 0 0 0 6 6 6 6 6 6 6 11 11 11 11 11 11 11 3 2 2 3 3 3 3 3 4 4 4 4 4 4 4 4 4 5 5 5 5 5 5 5 10 10 10 10 10 3 3 3 4 4 5 5 
8 8 3 3 3 7 7 2 7 1 1 1 1 1 1 1 0 0 0 0 6 6 6 11 11 11 1 1 0 0 0 6 6 6 6 11 11 11 11 3 3 3 3 3 4 4 4 4 4 4 4 5 5 5 10 10 10 11 5 5 
8 8 8 8 8 8 8 3 3 3 7 7 7 7 7 7 7 7 1 1 1 1 1 1 1 1 1 0 0 0 0 0 0 6 6 6 6 11 11 11 11 2 1 1 1 1 0 0 0 0 0 6 6 6 6 6 6 11 11 11 11 11 3 2 3 3 3 3 4 4 4 4 4 4 4 5 5 5 5 5 5 5 5 6 6 6 11 11 11 5 5 
8 8 8 8 8 8 3 3 3 3 3 7 7 7 7 7 7 7 1 1 1 1 1 1 1 1 1 0 0 0 0 0 0 6 6 6 6 6 11 11 11 11 11 1 1 1 1 0 0 0 0 0 6 6 6 6 6 6 6 11 11 11 11 3 2 3 3 4 4 4 4 4 4 2 4 5 5 5 5 5 5 5 6 6 6 11 11 11 5 5 
8 8 8 8 8 8 8 8 3 3 3 7 7 7 7 7 7 7 1 1 1 1 1 1 1 1 1 0 0 0 0 0 0 0 6 6 6 11 11 11 7 2 1 1 1 1 0 0 0 0 6 6 6 6 6 11 11 11 11 11 11 11 3 2 3 3 3 3 3 4 4 4 4 5 5 5 5 5 5 6 6 6 6 11 11 11 5 5 
8 8 8 8 8 3 3 7 7 7 7 7 1 1 1 1 1 0 0 0 0 6 6 6 11 11 11 9 1 1 1 0 0 0 0 6 6 6 6 11 11 11 11 11 3 3 3 3 4 4 4 4 4 5 5 5 5 5 5 6 6 11 11 11 5 5 
8 8 8 8 3 3 3 7 7 7 7 1 1 1 1 1 0 0 0 0 6 6 6 11 11 2 1 1 1 0 0 0 6 6 6 11 11 11 11 3 3 3 3 4 4 4 4 4 5 5 5 5 5 5 6 6 11 11 11 5 5 
8 8 8 8 3 3 3 3 7 7 7 7 7 7 7 7 1 1 1 1 1 1 1 1 0 0 0 0 0 6 6 6 6 6 11 11 11 11 1 1 1 1 0 0 0 0 0 6 6 6 6 6 11 11 11 11 11 3 2 3 3 4 4 4 4 4 4 4 2 5 5 5 5 5 0 0 6 6 6 6 11 11 5 5 
8 8 8 8 8 3 3 3 3 7 7 7 7 7 7 1 1 1 1 1 1 1 1 1 0 0 0 0 0 6 6 6 6 11 11 11 11 11 11 1 1 1 1 1 0 0 0 0 6 6 6 6 11 11 11 11 11 11 11 3 2 3 3 3 4 4 4 4 4 2 5 5 5 5 5 5 6 6 6 11 11 5 5 
8 8 8 8 8 8 3 3 3 7 7 7 7 7 7 7 7 1 1 1 1 1 1 1 1 0 0 0 0 0 6 6 6 6 11 11 11 11 9 1 1 1 1 0 0 0 0 6 6 6 6 6 11 11 11 11 11 11 11 3 3 3 3 3 4 4 4 4 4 4 5 5 5 5 5 5 5 5 6 6 6 11 11 5 5 
8 8 8 8 8 3 3 3 7 7 7 7 7 1 1 1 1 1 1 0 0 0 0 0 0 0 6 6 6 6 11 11 11 11 2 1 1 1 1 0 0 0 0 6 6 6 6 6 11 11 11 11 11 11 3 2 3 3 3 4 4 4 4 4 4 5 5 5 5 5 5 6 6 6 6 11 11 5 5 
8 8 8 8 8 3 3 3 7 7 7 7 7 7 7 7 7 1 1 1 1 1 1 1 1 0 0 0 0 0 0 0 6 6 6 6 11 11 11 11 11 1 1 1 1 0 0 0 0 0 6 6 6 6 6 11 11 11 11 11 11 2 3 3 3 3 4 4 4 4 4 2 5 5 5 5 5 5 0 5 6 6 6 11 11 5 5 
8 8 8 8 8 8 8 8 3 3 3 7 7 7 7 7 7 7 7 1 1 1 1 1 1 1 1 0 0 0 0 0 0 6 6 6 6 6 11 11 11 2 2 1 1 1 1 0 0 0 0 0 6 6 6 6 6 6 11 11 11 11 11 11 3 2 3 3 3 4 4 4 4 4 4 5 5 5 5 5 5 5 6 6 6 6 11 11 11 5 5 
8 8 8 8 3 3 3 7 7 7 7 1 1 1 1 1 1 0 0 0 0 6 6 6 11 11 11 11 1 1 1 0 0 0 0 0 6 6 6 6 11 11 11 11 3 2 3 3 4 4 4 4 4 4 5 5 5 5 5 5 6 6 6 11 11 11 5 5 
8 8 8 8 3 3 7 7 7 7 7 1 1 1 1 1 1 0 0 0 0 0 6 6 6 6 11 11 11 1 1 1 1 0 0 0 0 6 6 6 6 11 11 11 11 3 2 3 3 4 4 4 4 4 2 5 5 5 5 5 5 5 6 6 11 11 5 5 
8 8 8 8 3 3 3 7 7 7 7 7 7 7 7 5 5 1 1 1 1 1 1 1 1 1 1 0 0 0 0 0 6 6 6 6 11 11 3 2 7 0 0 0 0 0 6 6 6 6 6 6 11 11 11 11 3 3 3 3 3 4 4 4 4 4 4 5 2 5 5 10 10 10 3 11 5 5 
8 8 8 8 3 3 7 7 7 7 7 7 7 7 7 1 5 5 1 1 1 1 1 1 1 1 1 1 1 1 1 0 0 0 0 0 0 0 0 6 6 6 6 6 11 11 11 11 11 1 1 0 0 0 0 6 6 6 6 6 6 6 11 11 11 11 11 11 11 11 11 11 3 2 2 3 3 3 3 4 4 4 4 4 4 5 5 5 5 10 10 3 5 5 
8 8 8 8 8 8 3 3 3 7 7 7 7 7 7 1 1 1 1 1 1 0 0 0 0 0 6 6 6 6 11 11 2 1 1 0 0 0 0 6 6 6 6 6 11 11 11 11 3 3 3 3 4 4 4 4 4 5 5 5 5 5 10 10 10 11 5 5 
8 8 8 8 3 3 7 7 7 7 1 1 1 1 1 1 0 0 0 0 6 6 6 11 2 1 0 0 0 6 6 6 6 11 11 11 11 3 3 3 3 4 4 4 4 4 4 4 4 5 5 5 10 10 10 3 5 5 
8 8 8 8 8 8 3 3 3 7 7 7 7 7 7 1 1 1 1 1 1 0 0 0 0 6 6 6 6 11 11 11 2 1 1 0 0 0 0 0 6 6 6 6 6 11 11 11 11 11 11 3 3 3 3 3 3 4 4 4 4 4 4 4 4 5 5 5 5 5 10 10 10 10 3 11 5 5 
8 8 8 8 8 8 3 3 3 7 7 7 7 7 1 1 1 1 1 0 0 0 0 6 6 6 6 11 11 11 11 9 1 1 0 0 0 0 6 6 6 6 6 11 11 11 11 11 3 3 3 3 3 3 4 4 4 4 4 4 5 5 5 5 5 10 10 10 11 5 5 
8 8 8 8 8 8 8 3 3 3 3 7 7 7 7 7 1 1 1 1 1 1 1 0 0 0 0 0 6 6 6 6 11 11 11 2 1 1 0 0 0 0 6 6 6 6 6 6 11 11 11 11 11 11 3 2 3 3 3 3 4 4 4 4 4 4 4 5 5 5 5 10 10 10 3 3 5 5 
8 8 8 8 8 8 8 8 3 3 3 3 7 7 7 7 7 1 1 1 1 1 1 0 0 0 0 0 6 6 6 6 11 11 7 7 1 1 0 0 0 6 6 6 6 6 11 11 11 11 11 3 2 3 3 3 4 4 4 4 4 4 4 5 5 5 5 10 10 10 3 4 5 5 
8 8 8 8 8 8 8 3 3 3 7 7 7 7 7 7 1 1 1 1 1 1 0 0 0 0 6 6 6 6 11 11 11 2 2 7 1 0 0 0 0 6 6 6 6 6 11 11 11 11 11 3 3 2 3 3 3 4 4 4 4 4 4 4 5 5 5 5 10 10 10 3 3 4 5 5 
8 8 8 8 8 8 3 3 7 7 7 7 7 1 1 1 0 0 0 0 0 6 6 6 6 11 11 11 11 9 1 1 0 0 0 0 6 6 6 6 6 11 11 11 11 11 11 3 2 3 3 3 4 4 4 4 4 4 4 5 5 5 5 5 10 10 10 11 11 5 5 
8 8 8 8 8 3 3 7 7 7 7 1 1 0 0 0 0 6 6 11 11 1 1 0 0 0 6 6 6 6 11 11 11 11 3 3 3 3 4 4 4 4 4 4 5 5 5 10 10 10 3 5 5 
8 8 8 8 8 8 8 8 3 3 3 3 7 7 7 7 7 1 1 1 1 1 0 0 0 0 0 6 6 6 11 11 2 7 1 1 0 0 0 0 6 6 6 6 6 6 11 11 11 11 11 11 3 2 2 3 3 3 4 4 4 4 4 4 4 5 5 5 10 10 10 11 5 5 
8 8 8 8 3 3 7 7 7 7 1 1 1 1 1 1 0 0 0 0 0 6 6 6 11 11 2 2 1 1 0 0 0 0 6 6 6 6 6 11 11 11 11 3 3 3 3 4 4 4 4 4 4 5 5 5 10 0 6 6 6 11 11 5 5 
