27.309 24.37
30.68 27.862
27.339 22.402
28.921 22.977
31.522 23.563
32.955 23.845
36.229 26.74
32.754 24.735
29.432 25.567
34.68 20.613
29.142 21.529
32.345 24.26
34.135 26.045
35.743 24.045
35.183 26.209
37.72 23.84
31.923 24.589
28.712 25.335
32.345 23.549
30.664 24.132
31.674 23.055
32.829 25.716
31.957 23.59
38.98 24.997
26.862 23.321
40.5 25.116
33.893 25.55
39.162 29.138
42.673 24.815
28.337 24.546
31.297 27.127
32.979 25.547
35.602 25.357
35.461 26.325
34.323 21.123
30.674 26.15
31.099 25.091
38.269 23.171
34.953 24.585
27.549 25.541
38.422 29.699
29.232 23.653
31.606 27.975
26.579 22.531
35.081 26.367
33.66 25.148
34.85 27.788
32.451 22.889
27.688 21.245
30.307 23.217
26.135 23.43
29.664 26.889
37.266 27.53
26.832 24.648
41.386 30.649
33.526 26.392
34.789 24.959
28.8 21.654
34.198 28.085
29.43 24.148
29.367 25.776
27.21 20.876
35.317 26.846
28.255 21.421
31.901 24.819
33.924 22.124
42.435 26.269
27.859 24.776
32.371 28.799
34.506 28.076
28.626 23.984
32.785 22.516
34.179 23.348
41.121 29.001
33.728 24.778
32.046 24.751
29.547 23.724
37.384 28.214
29.174 20.41
32.393 27.526
36.329 29.748
38.497 29.413
45.321 22.558
25.192 23.295
31.485 24.299
35.526 24.926
39.68 28.304
37.936 25.66
26.892 25.959
27.828 24.608
38.368 24.609
31.567 24.966
39.019 26.588
32.954 23.834
30.962 24.009
42.537 25.549
37.265 25.279
29.115 24.533
33.376 24.708
33.541 24.126
37.432 26.057
29.702 23.137
35.36 24.567
34.764 25.403
34.653 28.975
33.691 27.954
38.483 27.547
40.372 22.698
38.311 26.266
31.563 24.068
29.309 24.389
29.797 25.225
28.443 26.955
28.919 21.587
35.306 29.343
42.3 30.199
28.686 23.851
39.3 30.821
29.784 25.081
25.82 23.183
33.127 22.221
36.044 27.495
37.63 28.687
32.088 25.405
38.538 23.046
29.079 23.375
33.774 24.422
25.86 23.256
32.698 25.855
28.522 22.318
30.973 24.595
33.025 23.377
27.881 22.757
30.3 22.608
27.841 23.934
41.097 29.149
30.363 21.974
34.98 26.255
30.868 24.814
36.971 26.402
30.982 25.673
36.019 27.924
29.528 24.873
37.912 24.017
30.456 24.117
32.034 27.262
28.481 23.716
28.391 25.977
31.498 23.752
32.184 25.413
42.255 28.547
31.64 22.539
34.797 25.007
32.623 26.921
32.855 26.339
38.026 25.678
30.691 24.222
27.63 21.828
35.349 29.189
35.892 25.223
36.729 28.118
36.241 23.509
35.035 27.1
36.698 26.764
25.934 23.092
39.198 26.435
38.796 26.126
29.992 24.615
25.131 22.069
33.248 26.218
39.382 27.774
33.065 26.205
27.54 23.557
34.354 20.563
26.679 23.44
37.349 26.361
29.75 24.57
31.367 24.964
33.279 26.595
35.372 27.541
35.018 20.81
32.002 26.657
30.846 25.691
40.282 28.041
37.42 23.969
32.846 25.724
31.571 22.54
31.487 22.015
30.354 23.184
36.846 25.728
26.066 22.701
46.049 27.735
30.258 27.106
32.21 22.275
32.043 25.091
38.595 28.003
36.437 26.45
36.196 25.134
34.373 22.898
25.926 22.008
37.333 26.143
30.837 25.938
27.59 25.712
27.388 23.09
30.149 25.43
30.292 25.496
38.562 29.312
32.729 27.179
34.003 25.287
29.586 24.238
38.696 26.177
28.714 25.37
28.386 21.88
25.631 22.706
29.897 22.775
31.3 25.245
40.369 26.468
31.394 22.316
25.967 23.639
38.176 24.5
25.736 24.198
39.682 24.778
33.005 21.613
27.78 23.819
38.097 22.649
30.552 23.746
29.724 22.993
32.715 24.804
33.497 24.809
37.321 27.674
31.818 27.293
26.893 24.872
38.693 28.939
30.819 27.002
33.984 26.922
39.983 26.062
44.753 27.944
30.105 23.635
34.155 25.936
35.799 26.538
38.114 25.945
38.036 26.409
28.241 21.346
31.812 24.718
37.311 22.614
26.985 24.025
31.196 22.199
28.322 23.726
25.837 24.684
28.359 21.421
30.27 21.13
37.394 24.223
35.978 25.88
42.106 21.503
40.502 22.446
32.634 26.918
31.273 21.024
33.818 25.972
31.867 28.603
27.312 23.211
36.52 27.287
32.167 26.937
28.259 22.969
41.741 30.867
25.692 22.124
34.233 27.14
37.162 24.499
33.224 25.647
39.737 30.651
28.249 24.877
37.481 29.234
34.544 23.043
27.698 20.792
40.864 27.183
27.313 21.947
40.118 28.011
35.587 23.434
33.056 27.813
27.644 21.58
35.007 24.519
29.804 25.335
33.593 22.702
27.164 24.342
32.65 23.958
32.957 23.785
26.613 24.053
33.528 27.41
36.206 25.425
32.76 27.033
28.269 21.699
29.824 21.733
30.263 24.725
37.718 26.676
41.214 30.017
41.677 27.791
27.403 21.684
28.824 25.983
40.707 23.855
28.413 25.251
38.707 23.291
34.99 26.534
34.763 26.185
30.847 22.874
36.453 25.084
31.778 26.154
30.408 23.375
40.328 28.177
28.592 25.014
35.361 26.641
27.437 24.837
31.063 24.577
40.959 29.494
36.172 28.394
29.994 25.783
34.547 25.009
36.843 24.612
35.592 27.703
25.404 24.328
37.78 29.481
28.571 24.273
32.287 25.861
37.675 29.548
33.817 21.843
28.789 22.139
35.626 23.394
45.207 28.682
35.538 22.267
32.492 22.102
40.857 30.222
32.786 22.732
32.437 23.677
31.329 23.841
43.489 25.123
29.451 26.287
41.636 31.114
31.003 26.009
26.242 24.201
25.514 23.929
36.594 24.877
38.077 23.634
30.744 24.66
40.103 23.976
36.988 26.114
36.432 23.713
31.281 21.718
32.919 24.221
31.013 24.075
37.328 27.723
33.963 23.69
44.135 29.137
34.123 21.818
26.754 25.292
30.728 26.329
34.355 28.916
32.521 23.381
27.824 24.135
28.219 25.006
30.347 22.675
37.366 27.249
31.35 23.92
24.735 23.471
26.972 24.934
26.298 22.584
44.84 24.787
30.245 24.045
28.491 24.072
31.924 27.617
37.76 25.102
39.039 28.325
34.187 23.999
34.226 26.785
41.368 28.358
34.995 24.802
36.361 25.893
32.84 28.366
36.507 29.623
31.317 24.566
35.075 26.657
26.004 23.815
33.844 23.687
30.797 24.232
27.615 25.029
25.547 22.67
34.243 24.633
27.599 25.175
27.114 22
32.725 26.236
29.892 24.369
25.3 24.013
33.151 24.181
46.155 28.876
28.21 24.813
37.905 25.829
36.475 28.868
30.475 23.817
28.002 24.238
32.721 22.057
30.671 26.157
41.906 27.215
34.141 27.87
35.161 24.846
44.149 28.053
27.146 25.85
40.213 23.216
33.626 27.943
33.448 21.186
29.883 22.308
37.852 25.509
30.715 26.502
34.508 20.528
28.087 23.683
28.73 26.767
35.673 27.151
37.906 24.987
26.095 25.054
30.881 26.512
33.226 25.025
26.849 24.984
34.113 24.886
35.584 27.467
26.88 22.896
35.715 27.611
32.182 23.739
36.866 26.551
39.43 29.455
37.519 23.819
32.99 23.037
31.831 24.082
35.462 25.715
36.839 23.559
36.75 27.687
40.432 24.996
29.811 25.149
29.709 22.342
33.682 22.675
28.702 21.848
32.807 24.145
33.911 21.779
28.187 23.574
32.016 25.367
29.733 27.068
38.153 21.388
31.561 24.579
30.32 26.355
30.597 21.77
33.129 26.127
32.473 22.608
25.899 24.596
28.777 26.259
33.251 27.73
39.019 30.676
29.446 24.437
38.858 26.568
31.348 25.584
38.383 27.528
42.153 27.374
29.039 25.426
39.892 24.67
30.433 22.47
43.424 28.117
34.294 25.302
38.722 24.968
38.581 29.124
45.921 26.86
27.969 26.415
29.425 24.176
35.167 26.078
27.752 21.487
34.932 21.919
34.662 25.222
32.851 24.969
26.396 24.346
33.856 25.226
36.359 23.911
42.949 29.537
33.997 28.102
40.972 26.112
29.237 23.414
41.191 27.054
29.975 22.44
32.498 20.758
33.244 24.888
30.104 24.27
27.84 20.906
29.469 24.736
31.793 24.155
34.507 24.41
31.046 23.945
29.558 27.384
30.216 24.857
29.615 24.594
33.827 28.559
39.379 28.359
41.456 27.02
35.781 26.272
29.056 22.636
36.636 30.697
25.313 21.882
41.325 25.713
36.491 22.687
29.378 27.763
37.442 25.894
30.415 27.162
38.003 25.286
32.968 25.798
35.378 25.555
29.571 23.174
33.162 26.08
33.075 25.976
40.702 27.861
34.54 23.006
27.369 22.117
32.789 26.585
30.462 21.657
31.757 23.482
29.9 26.566
25.969 24.439
34.308 23.706
35.356 30.03
40.226 26.613
36.09 27.553
35.282 27.192
27.295 25.293
30.098 26.114
31.843 28.831
30.997 24.782
37.736 23.978
38.219 21.554
35.895 28.096
35.274 27.512
38.579 25.487
42.115 27.191
42.304 26.203
30.862 23.544
31.68 24.625
27.547 22.425
41.712 29.706
29.89 22.105
30.138 22.869
35.951 27.328
37.304 24.759
50.547 29.763
31.527 27.602
45.009 27.917
29.062 22.575
28.245 25.413
28.079 24.214
44.346 24.285
35.563 27.534
38.337 26.727
28.921 23.627
39.194 25.944
36.222 28.282
36.48 26.559
35.303 22.969
41.516 26.562
34.368 24.65
30.672 26.381
34.373 23.979
31.661 28.48
26.892 20.886
35.515 26.405
36.347 24.447
36.318 24.981
30.851 22.75
35.43 29.773
26.93 22.818
29.726 25.135
39.501 27.108
27.443 24.884
28.119 25.779
32.292 26.987
34.782 28.307
36.401 23.198
29.059 25.436
32.732 25.601
40.775 27.75
33.175 26.948
34.865 22.45
35.568 27.187
39.094 29.264
33.477 25.206
27.671 23.554
35.145 26.373
28.453 22.456
28.78 25.067
31.631 27.402
36.838 25.952
32.904 25.276
35.822 27.335
29.731 23.279
25.893 23.701
36.389 27.414
33.492 24.641
31.034 27.802
33.135 27.77
36.169 31.171
43.32 28.415
32.728 23.556
30.198 22.055
31.3 25.751
31.593 24.19
31.39 25.372
25.474 24.5
37.831 26.106
34.2 29.188
35.441 25.917
37.029 27.558
26.14 24.405
29.689 26.304
41.195 29.256
30.603 22.648
33.413 24.388
32.509 25.811
32.709 21.725
34.799 24.462
27.471 20.763
32.962 26.304
31.378 27.897
34.831 26.351
33.188 25.218
39.451 23.789
27.724 26.357
29.976 22.789
38.928 28.276
38.694 26.707
31.07 23.917
27.376 24.876
36.033 27.06
34.625 23.6
42.072 30.148
46.233 32.399
35.021 27.583
36.587 25.328
35.899 25.924
39.73 28.378
29.769 25.255
29.002 26.381
32.274 25.273
31.455 25.247
29.996 27.43
33.859 25.745
41.346 26.783
36.584 27.562
34.334 24.478
36.897 22.239
34.363 23.741
27.304 25.818
27.541 21.764
36.699 26.779
32.814 23.492
28.385 22.555
37.431 25.55
27.751 23.366
38.551 29.32
32.682 26.165
28.37 24.855
30.023 24.987
25.096 23.485
38.803 29.488
35.442 24.125
29.498 23.976
32.276 27.381
33.351 28.235
29.08 21.452
31.179 27.601
33.005 23.971
38.628 29.327
31.827 24.279
27.3 23.436
34.022 22.191
33.247 24.321
48.367 27.457
33.522 24.308
33.311 23.914
36.303 26.882
33.111 22.636
38.975 27.261
42.338 27.929
38.416 26.602
41.397 27.792
33.795 26.022
38.234 28.002
34.508 27.519
32.744 28.312
27.597 22.842
29.5 25.445
28.937 21.941
35.314 24.626
31.306 25.156
32.782 23.654
31.508 24.741
35.747 26.071
29.106 20.959
35.052 24.545
30.361 25.332
40.296 25.867
31.942 23.766
32.706 25.881
30.302 21.019
36.742 24.557
26.265 24.926
34.385 24.828
27.265 22.374
38.19 26.993
29.213 24.39
27.892 24.575
31.765 27.285
30.707 23.638
28.583 21.305
37.278 22.971
40.347 28.32
29.947 25.144
31.362 25.128
33.122 27.2
33.863 22.65
27.91 25.451
32.401 22.369
40.902 27.012
32.882 25.141
27.972 25.803
42.482 30.895
28.588 21.126
38.302 26.716
26.995 21.378
35.072 26.364
30.359 27.112
32.777 25.927
29.9 24.234
29.293 21.058
39.986 25.31
30.222 27.709
34.648 28.867
27.578 21.649
36.83 26.672
30.305 26.984
29.523 23.983
34.085 25.298
32.998 20.498
35.246 25.397
30.77 21.24
32.567 26.442
27.133 21.179
36.587 26.131
29.111 25.944
32.979 23.788
33.132 27.753
36.104 27.26
31 26.623
31.851 24.031
30.814 22.995
27.334 22.93
31.498 25.187
33.889 27.763
27.945 24.892
32.396 21.061
29.185 26.491
28.983 24.261
34.659 27.23
34.422 23.994
31.107 23.121
29.238 23.974
36.408 26.091
30.524 27.417
32.79 25.614
36.22 23.534
44.654 22.014
28.792 22.829
37.326 24.192
36.422 26.079
31.24 28.753
29.751 26.149
42.155 28.623
30.641 23.094
28.826 26.367
34.111 21.867
29.868 22.466
33.321 22.179
37.483 25.429
32.05 25.308
28.497 26.742
26.21 23.391
37.664 26.467
39.218 27.035
39.912 28.576
31.052 25.709
34.301 29.028
35.285 28.513
36.749 25.586
27.551 24.048
34.434 26.941
43.137 26.009
32.236 28.67
42.558 28.199
28.575 25.522
28.915 22.216
27.232 23.52
29.797 26.365
32.592 26.973
32.293 21.04
38.955 29.787
31.763 25.556
33.078 23.684
31.309 25.581
29.808 23.408
32.887 24.366
32.632 24.87
40.35 28.62
40.051 25.742
32.139 28.536
34.932 25.558
26.105 22.7
37.243 26.316
37.121 25.635
29.256 23.74
36.486 23.263
38.143 23.674
31.327 24.426
32.115 22.736
43.168 28.71
42.497 30.304
26.788 22.438
42.118 31.289
42.485 26.714
36.644 25.973
28.815 23.482
32.596 25.249
33.396 26.938
30.407 24.452
34.452 25.52
31.763 24.213
32.256 21.921
31.012 25.586
32.008 23.055
36.131 26.26
35.984 23.574
45.929 25.212
31.728 25.434
29.741 24.357
29.178 25.294
35.951 25.346
27.946 23.925
27.162 23.973
30.303 22.182
29.639 25.106
29.791 23.121
32.21 25.192
33.943 27.844
25.704 24.335
30.495 24.291
36.029 28.36
33.234 28.708
33.665 27.459
38.275 29.175
34.198 23.573
30.274 25.272
38.304 26.199
36.258 23.165
27.441 23.086
31.874 23.968
33.311 28.926
35.714 30.364
35.995 24.659
37.555 29.108
33.25 21.611
31.803 25.672
36.043 28.147
28.062 22.037
33.034 26.236
25.23 21.562
37.272 23.781
35.409 24.656
39.219 26.569
31.694 26.463
30.552 26.712
39.432 27.287
28.814 23.7
36.785 25.419
32.028 26.69
35.991 25.753
35.577 26.099
33.827 28.317
36.363 23.103
31.224 24.586
41.078 29.575
30.622 23.845
24.98 21.945
29.295 22.543
29.397 27.623
33.846 26.237
41.949 27.565
29.861 23.268
41.33 22.511
29.243 21.206
34.462 25.144
34.321 25.648
26.763 25.526
29.193 20.501
28.239 22.761
27.348 24.282
36.766 21.909
34.39 23.821
34.003 25.982
30.7 22.425
35.136 22.481
30.491 24.809
27.582 24.405
40.719 29.946
33.93 26.711
33.098 25.708
27.475 23.44
38.486 27.289
29.34 26.252
33.084 22.514
29.302 23.067
28.92 24.383
31.557 25.584
30.602 25.279
31.657 26.947
30.128 26.719
35.213 24.042
41.229 27.734
27.936 21.521
37.019 24.222
30.48 23.809
33.406 27.423
36.639 24.93
33.997 25.526
34.988 21.388
32.37 26.289
33.369 27.704
33.372 24.733
29.311 27.42
30.709 20.843
30.548 23.9
32.399 22.812
28.502 25.287
32.1 23.301
26.63 22.988
27.676 25.176
43.115 26.729
36.53 23.928
28.062 25.681
31.292 23.667
40.058 28.21
28.46 26.443
33.352 20.488
33.711 27.358
39.736 27.686
25.608 24.515
27.377 26.277
30.903 22.237
25.465 24.224
25.412 22.77
33.674 26.817
31.732 23.917
35.276 24.728
30.483 24.87
25.456 23.665
34.003 26.234
28.284 24.904
34.229 21.115
31.449 23.965
40.085 26.786
40.439 29.88
34.784 27.571
38.529 25.902
35.841 25.007
27.015 25.304
28.669 23.133
40.472 26.979
33.815 28.532
25.32 22.041
42.666 25.156
35.937 24.237
38.128 26.477
33.306 24.611
27.57 24.816
27.207 23.324
30.597 21.535
32.812 24.143
28.358 25.219
37.586 24.552
32.276 25.657
31.234 26.332
28.806 25.572
35.354 24.471
25.975 23.189
34.779 27.609
31.471 27.524
33.459 23.963
32.231 25.987
29.039 23.326
29.116 25.339
27.209 25.352
29.434 21.851
37.121 25.816
30.237 23.863
31.183 27.341
34.54 27.287
