20.972 31.488
31.516 31.672
23.158 26.429
21.951 15.451
25.338 25.829
28.986 34.337
25.185 19.329
25.021 25.406
29.153 34.497
22.15 28.076
21.676 20.127
31.476 39.719
12.377 22.991
19.971 20.384
24.898 17.432
26.798 28.055
36.755 34.234
23.077 15.69
19.87 15.741
17.266 16.46
20.932 29.945
28.063 28.341
20.081 31.466
30.664 19.906
23.759 25.46
18.788 11.462
24.81 36.24
24.684 20.977
27.436 30.726
28.189 28.444
28.375 31.225
30.817 19.723
23.238 25.906
11.2 14.503
27.284 40.966
34.032 32.362
23.282 21.996
24.676 24.692
24.151 21.738
23.683 32.861
25.204 20.486
31.835 36.712
32.587 18.284
35.146 18.966
28.658 28.883
15.146 19.969
26.274 28.077
26.795 26.469
24.478 25.517
32.993 34.021
21.977 29.515
28.845 18.489
28.043 19.79
13.475 30.101
26.33 16.368
31.111 31.95
20.322 29.248
16.601 16.368
22.275 29.913
23.044 34.133
20.161 20.445
29.556 31.213
30.923 36.272
23.787 25.594
26.877 28.512
30.922 19.99
21.534 28.859
24.668 28.172
25.684 13.52
20.024 16.042
18.773 28.134
24.255 25.772
23.034 29.164
24.369 28.739
25.019 26.307
21.933 16.437
17.06 15.789
16.32 17.57
21.316 32.047
22.613 29.709
18.512 19.656
27.399 28.814
25.661 32.429
18.674 29.094
28.078 30.075
25.027 21.447
18.066 15.339
24.891 28.115
20.806 20.853
23.028 26.228
28.305 39.704
23.157 36.088
23.297 19.724
26.837 28.588
25.629 18.964
20.396 32.484
27.373 11.802
26.209 19.594
25.689 29.199
30.315 31.243
20.437 13.227
22.256 19.446
19.412 17.327
32.98 19.469
15.323 29.645
19.712 19.434
20.93 19.408
28.229 27.109
25.727 30.591
23.625 28.072
27.194 26.799
24.653 15.389
20.592 33.9
27.852 19.469
26.04 29.06
29.725 30.471
15.487 21.966
28.693 29.175
26.015 16.249
20.435 28.293
27.4 26.773
22.035 26.945
30.512 29.359
29.746 28.305
10.924 13.608
25.443 26.907
27.871 31.002
21.127 29.475
25.683 32.329
31.235 33.972
29.213 30.427
19.336 19.853
23.853 28.502
33.242 15.106
27.994 32.999
18.766 18.467
25.235 32.76
25.222 25.763
11.08 22.709
24.403 22.542
30.231 32.439
33.676 32.662
18.902 34.681
24.155 31.785
26.776 28.49
16.539 20.889
24.714 26.017
25.264 31.245
29.435 17.56
27.268 30.026
17.38 12.013
27.819 27.197
31.872 30.754
20.631 28.322
23.228 27.242
30.169 19.048
26.837 34.401
27.41 30.317
28.008 15.429
20.277 18.765
28.259 32.663
30.847 28.829
20.583 12.762
32.221 19.317
27.532 17.91
22.54 27.322
37.492 35.153
12.972 22.369
27.017 18.386
28.17 34.287
19.638 31.506
19.598 20.25
27.271 26.583
23.684 31.114
26.354 19.112
24.325 24.709
22.91 30.549
24.998 18.165
22.675 19.187
17.533 16.066
23.796 17.32
21.122 12.926
24.319 23.026
29.09 31.818
25.496 29.997
23.231 19.623
23.963 19.776
24.861 21.418
26.941 19.826
27.169 15.933
30.682 31.029
26.78 29.427
31.025 29.093
27.683 15.691
28.134 30.835
24.187 32.237
23.572 30.759
24.678 20.4
28.218 36.68
20.553 33.601
15.387 20.379
21.062 14.367
21.261 11.399
17.376 21.148
21.06 20.185
21.486 27.81
19.937 29.086
18.588 21.435
25.896 29.704
29.67 29.303
18.79 18.755
27.823 35.021
33.716 33.01
26.838 27.342
23.283 20.689
19.692 30.119
28.133 32.481
17.573 17.367
27.244 26.95
28.385 29.207
25.613 26.069
24.437 15.615
20.756 17.602
23.203 32.177
24.318 18.866
20.162 27.998
23.97 25.692
33.796 18.114
24.889 25.322
23.326 31.312
17.454 20.77
29.467 31.672
27.747 27.77
35.93 33.233
29.397 30.224
15.091 31.029
24.807 31.427
36.292 18.515
31.064 33.096
24.601 20.235
27.959 31.337
27.279 19.664
22.28 31.587
20.562 30.203
24.573 21.645
13.859 19.361
24.261 31.457
25.301 11.7
20.812 27.461
19.503 19.164
21.891 30.873
25.604 38.808
26.135 25.567
17.155 30.614
18.029 19.321
23.989 16.91
32.025 37.043
24.61 12.774
23.681 20.042
27.001 17.828
23.591 27.533
32.951 19.1
30.501 28.731
22.28 16.789
23.506 14.924
20.592 27.483
30.106 34.571
25.378 18.486
23.572 29.722
27.465 30.966
20.195 27.418
26.1 30.602
23.649 32.319
18.951 28.307
17.705 30.926
26.66 27.542
18.967 18.509
29.485 11.862
19.281 17.103
29.451 37.093
18.634 7.4844
15.82 18.36
24.772 25.302
24.587 32.309
29.336 38.074
21.534 33.44
25.129 20.893
13.42 19.776
24.751 16.753
22.833 13.356
26.799 28.944
11.907 18.941
27.801 26.8
28.826 30.416
25.246 28.16
24.344 28.401
24.373 15.104
14.556 21.871
21.187 33.817
25.138 19.696
24.273 28.669
19.574 20.917
13.582 20.385
34.375 32.494
20.701 28.518
26.554 31.8
23.477 21.207
26.03 36.701
27.834 35.073
28.676 27.542
28.885 29.969
28.648 29.917
24.885 35.295
23.7 20.932
21.319 18.664
23.777 19.016
26.728 27.329
29.857 30.248
29.295 31.352
20.792 29.248
23.993 11.524
22.497 19.592
26.956 7.9797
30.799 17.024
28.037 28.637
25.143 27.031
18.509 30.595
24.328 28.725
21.094 17.056
19.352 30.55
21.647 32.813
18.93 31.631
29.342 28.872
27.041 37.428
21.781 30.782
27.062 16.331
22.772 16.109
16.751 19.982
37.725 35.873
26.281 29.572
18.623 21.154
30.929 11.667
24.032 32.724
26.928 26.572
17.557 21.168
29.086 29.733
25.985 27.89
20.174 27.554
27.061 26.297
21.719 12
23.553 34.54
23.526 18.978
26.933 31.12
26.88 18.305
20.475 20.145
19.447 19.515
25.274 29.707
24.788 16.164
22.31 33.857
24.676 25.482
22.49 27.547
39.088 36.012
28.703 41.316
32.54 19.737
28.604 29.089
28.853 33.205
24.534 25.178
29.377 28.477
26.962 17.006
27.592 4.7841
30.321 15.449
16.737 20.708
22.796 28.083
23.619 20.78
26.465 27.476
24.637 17.437
35.305 32.233
19.677 20.744
19.09 18.481
14.405 21.79
23.251 26.811
38.804 35.736
23.402 33.905
19.279 20.843
33.876 36.39
27.952 33.81
21.043 30.386
27.002 29.882
17.049 17.556
30.851 19.986
20.89 18.471
25.371 27.896
23.874 27.257
14.148 20.741
24.75 18.601
24.844 17.861
21.122 27.26
26.197 30.313
19.485 16.462
17.588 16.491
25.347 13.832
16.407 13.413
27.941 31.39
35.119 32.092
24.673 21.874
24.637 29.35
24.538 22.363
20.493 16.18
31.423 20.018
15.385 33.847
24.071 26.253
26.729 27.409
19.035 33.657
24.836 36.581
16.428 15.844
30.716 29.845
22.127 12.22
22.651 19.457
27.157 18.072
26.339 20.333
19.789 30.635
21.19 27.375
28.216 18.849
22.629 21.789
24.57 31.186
19.44 31.544
26.95 30.625
25.685 31.586
27.222 28.816
24.022 21.769
24.139 22.444
17.722 19.125
23.382 17.452
32.625 30.174
27.075 30.572
27.578 34.311
26.796 33.813
29.41 30.877
27.664 29.16
22.352 14.872
28.684 33.388
23.222 25.559
24.464 24.515
14.558 19.962
30.194 31.45
19.928 30.474
22.585 31.86
30.383 33.029
20.65 14.722
32.623 31.185
12.663 20.981
26.641 35.337
27.026 34.148
31.634 18.176
27.312 18.055
24.569 23.453
37.916 38.639
28.022 11.731
25.03 18.135
28.812 31.192
26.585 26.542
25.928 19.071
24.592 23.266
24.324 29.114
17.378 32.447
15.061 19.414
28.204 32.086
30.205 35.199
27.8 30.427
26.295 29.06
25.706 28.127
21.48 31.446
18.93 21.022
20.901 28.612
20.374 11.764
29.344 30.347
23.421 20.025
20.773 18.937
23.529 11.036
22.481 30.866
22.427 26.339
25.543 28.598
27.017 32.57
20.522 21.392
17.446 30.644
26.979 32.382
22.287 29.827
25.418 20.707
25.082 26.644
18.185 9.2219
16.707 18.646
24.578 25.548
22.241 31.457
19.91 19.951
32.235 33.781
27.027 26.965
9.1778 16.659
28.209 17.401
27.767 28.45
17.448 29.065
26.755 29.934
18.475 20.965
26.602 28.083
20.4 31.951
24.152 14.038
24.216 21.302
14.571 31.706
27.444 29.459
15.759 19.651
28.248 33.815
25.942 25.831
18.525 21
29.156 30.626
21.984 19.818
23.483 33.668
21.68 26.642
23.864 15.01
27.132 34.508
17.248 14.75
21.352 16.754
22.438 20.325
12.868 20.302
33.986 18.754
25.349 28.119
10.883 13.302
31.044 31.823
15.951 30.368
24.521 21.141
23.47 20.893
25.928 33.412
27.32 29.146
5.615 18.042
24.073 24.228
14.999 20.909
22.258 21.17
28.36 29.743
24.517 32.79
28.895 32.378
11.467 32.231
20.68 28.379
24.688 24.719
23.405 20.427
24.768 15.643
24.846 17.863
22.127 28.117
18.56 20.985
24.539 23.691
28.566 30.74
28.854 17.886
22.217 16.123
26.947 26.462
29.941 32.199
30.7 29.303
38.445 33.154
8.3919 15.981
26.009 30.691
27.919 29.449
23.161 14.142
21.813 36.28
27.377 19.755
30.907 36.235
35.378 31.472
12.839 31.489
28.053 19.855
22.628 28.072
32.901 31.963
24.33 29.01
26.051 26.898
26.479 26.457
16.586 31.484
24.171 17.388
22.955 39.625
30.409 29.802
23.619 25.26
26.179 18.048
23.588 26.737
21.457 18.249
23.982 22.47
22.212 29.295
29.03 10.561
29.217 18.246
21.812 28.525
29.864 32.528
29.859 37.938
23.272 27.266
25.991 31.86
16.318 16.82
21.633 29.293
38.564 36.648
24.334 18.92
25.27 20.193
31.439 19.202
21.08 19.401
16.646 31.992
22.712 28.401
24.336 28.782
24.467 22.902
21.051 12.97
28.626 17.06
33.24 30.131
24.83 20.35
20.804 19.726
28.261 19.762
24.895 19.422
26.146 20.518
22.803 16.008
23.818 29.367
17.776 31.788
21.805 17.666
29.639 28.703
19.604 10.94
24.754 27.401
27.614 32.392
25.675 28.413
24.75 31.608
23.984 25.236
22.911 17.613
19.184 32.79
25.906 19.976
29.053 38.499
29.949 29.811
19.064 30.297
26.196 27.923
31.937 36.53
27.158 27.347
25.954 27.978
25.034 26.512
20.702 16.539
27.702 36.419
13.831 19.248
23.527 19.25
19.951 20.175
22.411 38.939
24.658 23.565
13.144 22.506
24.452 18.656
24.934 18.048
23.091 25.545
23.466 15.792
26.613 31.523
22.533 16.537
19.599 17.339
18.53 29.792
17.488 19.047
27.061 28.374
19.903 15.595
23.4 26.473
25.175 20.383
18.622 12.296
24.635 27.556
21.885 30.171
19.413 28.896
22.599 21.529
16.362 15.542
18.732 32.419
13.797 20.944
22.76 33.436
29.382 14.753
23.508 22.003
27.508 31.953
23.175 26.554
19.134 14.168
29.77 19.531
19.574 19.932
22.349 29.235
27.078 30.896
28.837 27.652
29.689 28.49
23.803 28.361
22.039 28.874
26.478 14.526
20.698 20.522
23.723 32.435
23.288 21.605
19.933 16.717
16.072 17.925
20.813 19.519
14.307 16.062
33.837 32.344
30.102 30.77
29.297 37.361
26.535 18.089
21.914 26.471
25.447 31.01
17.171 21.558
28.836 16.233
18.954 19.343
18.925 14.185
27.945 31.617
23.519 30.677
23.531 27.956
19.028 30.761
28.82 43.917
31.188 29.349
18.712 21.569
23.013 27.006
23.098 34.384
24.669 20.213
33.929 17.002
17.405 19.342
25.402 26.211
21.031 37.814
25.422 27.881
39.797 40.057
23.784 30.801
28.573 13.884
21.88 34.716
29.489 28.631
18.317 19.284
19.426 20.666
30.13 19.831
25.889 28.027
19.052 16.635
26.235 32.875
21.907 14.633
28.253 27.993
11.755 34.628
33.596 30.336
23.446 33.537
19.355 29.268
31.146 31.333
22.581 34.076
19.901 33.988
20.18 27.473
28.054 35.68
19.112 28.778
29.202 31.583
27.535 20.342
23.69 29.173
25.432 26.803
23.948 28.982
18.832 28.846
23.643 26.243
16.39 17.968
23.807 35.162
29.354 19.418
23.434 18.427
25.981 31.217
23.518 20.301
23.62 31.642
20.479 4.8099
28.095 40.997
24.371 28.02
28.745 29.048
27.278 34.258
25.844 26.83
23.011 29.079
22.162 19.941
21.485 29.545
26.949 28.895
28.548 19.18
23.365 26.198
13.34 18.753
17.162 43.818
30.39 33.398
26.825 31.954
23.117 28.49
25.941 20.428
20.93 30.534
27.502 35.057
33.048 32.805
27.881 12.876
26.538 34.292
31.56 19.518
25.324 25.699
27.432 28.593
20.872 34.721
21.669 29.106
26.163 34.591
23.745 27.628
22.848 16.077
29.741 29.494
26.41 18.507
24.405 39.544
29.373 28.605
23.124 27.165
22.206 15.129
20.651 15.092
22.708 21.52
26.786 33.924
23.552 17.993
23.446 16.865
20.966 29.914
23.35 33.337
25.486 13.348
17.05 19.226
29.339 19.206
24.905 17.041
26.413 29.27
19.164 17.603
17.463 18.357
16.689 14.365
25.724 29.976
23.97 27.394
29.455 28.45
18.557 15.903
26.122 27.541
24.504 21.52
30.669 30.876
23.215 21.276
15.997 20.035
27.522 33.073
25.619 28.185
28.352 30.634
26.52 30.843
21.683 20.54
25.247 12.418
30.098 28.741
24.226 17.599
25.513 32.115
22.548 27.481
20.278 31.7
31.932 35.905
21.517 16.223
14.938 17.042
21.64 19.953
11.804 19.493
16.988 14.474
28.947 14.878
23.225 27.195
22.805 27.308
24.774 30.06
32.51 36.571
27.747 17.088
33.838 19.943
18.577 30.122
21.449 28.12
20.379 13.343
17.879 17.284
22.754 28.923
33.235 32.153
23.625 28.896
26.676 20.77
12.614 17.406
22.592 32.432
35.02 31.048
20.774 29.014
21.227 28.033
29.016 36.043
25.387 29.821
28.992 29.928
20.331 21.271
19.997 18.911
29.268 28.139
23.782 16.936
29.183 30.751
26.395 18.284
33.097 13.214
31.567 31.653
29.97 32.761
20.414 28.104
21.49 19.962
10.123 21.502
18.204 21.736
25.786 21.119
25.498 27.877
23.518 10.142
25.527 29.036
29.857 30.341
32.208 32.471
29.468 31.577
16.809 20.09
36.276 35.162
23.754 21.211
19.655 20.504
16.671 31.588
26.453 28.134
28.487 28.921
23.737 26.222
21.753 20.53
27.244 16.43
20.766 20.468
23.237 29.575
22.162 18.383
21.621 16.103
28.072 16.275
32.275 31.609
24.355 21.361
26.558 19.357
17.329 28.978
18.234 18.307
26.133 25.576
29.859 29.48
19.369 20.237
18.816 12.975
36.082 34.765
31.486 31.374
29.733 30.095
25.841 25.457
15.733 17.453
30.305 17.774
21.97 19.831
14.17 14.87
23.308 27.75
16.568 20.587
23.262 20.926
21.608 32.12
23.106 29.775
31.015 37.735
24.981 30.477
27.019 20.058
29.478 32.829
0.6591 17.893
31.489 31.951
26.587 29.936
27.718 18.457
23.829 26.484
25.712 28.799
26.408 27.491
35.33 31.095
29.309 34.623
43.566 36.039
24.483 21.309
34.122 42.238
25.353 25.714
16.957 18.585
24.24 29.559
24.47 32.814
25.074 25.486
17.353 29.841
24.73 25.141
32.363 31.945
18.884 19.068
31.385 31.247
28.627 27.355
24.145 20.536
26.659 14.959
35.209 18.306
23.752 28.684
25.849 18.088
25.939 31.674
24.674 11.079
24.787 25.317
23.093 17.289
18.709 33.921
21.934 17.528
31.705 16.136
30.258 28.528
8.6434 16.208
22.477 19.653
17.395 30.385
25.001 29.574
32.914 31.878
24.491 20.996
24.002 24.805
25.295 33.556
33.542 33.176
27.504 15.514
29.619 31.879
33.106 18.6
25.646 27.285
22.778 21.199
21.145 17.597
37.989 34.233
23.895 28.234
27.202 14.762
24.143 31.765
24.292 19.856
20.49 30.259
31.96 42.348
30.626 35.172
27.485 39.275
18.496 16.854
26.644 16.182
17.89 4.7817
24.942 35.873
34.335 35.328
25.953 31.259
24.822 27.366
27.769 29.441
20.607 28.329
11.435 17.437
22.346 21.571
23.272 29.602
24.644 23.916
27.398 27.032
27.42 28.48
24.444 21.113
20.228 19.106
35.767 15.724
16.889 19.043
27.901 29.219
30.895 18.911
21.636 29.119
19.047 19.003
22.791 27.984
16.015 29.603
33.299 35.194
27.139 27.721
19.888 18.467
24.995 25.466
12.564 19.98
23.326 20.364
24.302 28.341
28.635 19.519
25.247 15.789
10.083 19.551
25.375 25.603
16.567 10.807
21.841 17.239
