15.438 28.74
16.159 25.404
18.018 26.019
19.282 23.261
19.564 25.453
20.219 24.878
17.159 26.848
18.387 26.558
13.713 26.129
15.557 24.375
21.022 22.623
18.238 27.576
15.621 25.69
16.419 24.463
19.949 25.301
19.608 23.496
18.636 27.594
19.857 22.142
17.185 25.736
15.883 27.06
14.96 25.966
19.707 25.685
15.187 24.672
10.955 26.814
14.353 25.343
14.94 25.541
22.892 23.977
14.545 27.378
19.292 26.675
19.118 27.069
13.279 26.701
23.192 23.005
14.808 28.998
14.525 25.373
18.344 25.268
20.744 26.127
17.74 23.522
15.136 26.937
20.478 22.817
15.265 27.796
17.586 24.79
17.284 24.279
15.515 23.803
19.342 26.588
16.341 23.996
18.369 23.993
21.165 26.51
19.662 24.205
21.234 23.72
20.827 25.723
17.924 22.322
22.069 25.49
20.631 23.496
19.907 24.24
18.322 25.63
20.42 24.883
15.926 23.695
16.122 23.941
20.207 24.874
14.513 27.626
15.571 26.69
19.214 26.583
19.955 25.525
17.092 26.387
20.242 22.439
23.07 24.768
14.47 24.431
17.171 24.716
13.756 28.081
18.827 24.318
20.658 25.314
22.435 24.957
20.555 24.994
13.333 26.545
22.94 24.843
16.286 25.318
21.367 21.815
13.372 26.698
18.235 25.339
12.739 24.41
21.562 25.87
10.846 27.06
12.285 27.428
14.383 26.37
19.781 25.478
9.7154 26.815
16.737 26.203
18.113 24.624
18.99 26.647
23.729 22.277
14.366 27.202
16.75 26.269
17.079 23.931
17.472 25.887
19.671 24.064
22.612 23.956
19.923 23.099
18.417 25.614
18.17 24.323
22.107 23.615
23.078 23.86
19.691 24.414
12.396 27.558
14.111 23.622
19.128 27.863
15.004 26.347
16.784 25.113
20.47 23.09
18.453 22.656
13.833 25.07
21.891 22.899
20.103 25.607
17.224 22.541
23.729 23.049
16.378 28.287
16.086 25.184
19.919 25.377
23.321 24.424
14.892 26.675
15.349 27.204
14.511 26.487
15.746 23.69
20.275 24.717
16.391 24.818
18.666 25.715
16.529 26.94
14.595 25.592
20.152 23.163
19.38 24.82
17.446 22.69
19.898 22.64
14.615 24.867
17.762 26.941
14.775 29.427
20.312 24.835
20.597 24.856
13.648 23.381
18.122 25.807
23.605 23.856
18.417 25.203
20.074 24.526
16.92 23.001
18.67 26.771
12.159 27.084
19.166 25.708
17.235 23.716
17.583 26.001
16.453 23.354
16.913 27.948
19.127 24.784
14.138 23.426
15.692 26.207
16.648 23.998
21.544 23.881
16.508 25.278
14.453 28.217
17.322 23.585
22.457 22.369
13.729 27.43
18.252 22.895
16.335 26.583
20.793 24.705
18.954 23.629
18.076 25.158
20.053 24.952
15.553 26.418
15.396 24.933
22.138 23.116
23.568 24.802
15.749 25.03
18.559 22.639
14.557 24.839
19.244 25.379
22.102 24.78
17.593 25.975
19.221 26.082
16.94 27.653
14.38 24.472
20.52 24.382
16.863 24.849
14.55 24.262
21.476 24.774
18.784 24.598
16.815 26.02
16.242 25.281
17.618 25.652
9.8936 25.854
22.147 23.164
15.305 28.597
18.094 23.897
11.317 29.522
23.835 22.49
13.51 25.535
14.32 27.106
18.308 25.824
20.396 24.519
11.466 27.964
18.263 24.471
15.153 25.264
21.138 22.693
18.925 23.903
16.658 24.02
21.519 24.199
16.308 25.756
21.011 24.437
14.658 24.413
21.547 25.9
17.793 24.99
17.281 22.509
20.708 24.434
12.366 26.727
17.7 25.352
17.697 23.95
17.737 22.25
18.244 25.619
16.458 25.711
17.599 24.22
9.2854 27.124
19.551 21.851
22.888 25.005
16.075 26.065
11.536 28.476
19.496 24.771
21.596 23.293
20.653 24.773
19.478 24.813
17.992 25.41
17.741 24.047
17.118 23.732
14.687 26.55
17.926 25.834
17.248 27.124
18.76 22.946
12.448 23.186
19.707 23.268
12.723 28.99
16.152 25.701
19.702 24.691
17.378 26.087
21.439 25.15
14.261 25.867
16.119 26.268
14.435 26.912
15.132 24.762
20.777 25.022
17.239 26.193
16.253 26.139
15.962 28.377
14.583 24.616
17.647 26.251
16.525 26.418
17.493 26.156
21.463 24.852
22.594 24.846
21.704 24.085
19.734 23.351
19.433 23.575
17.633 25.06
20.36 26.66
17.826 24.201
19.244 23.049
16.442 23.724
16.019 22.922
19.332 24.593
19.403 23.801
18.734 24.756
13.951 26.195
18.843 22.768
19.643 23.833
17.872 23.787
16.739 24.671
15.649 27.455
17.482 23.196
16.901 27.019
22.005 22.475
12.172 27.034
13.674 26.992
19.971 23.082
20.19 23.735
18.656 24.863
20.812 26.533
21.536 23.605
13.686 26.541
17.474 25.741
15.902 25.653
18.573 24.208
23.041 25.103
18.412 25.142
18.817 23.275
19.833 23.326
12.233 25.1
18.054 26.269
20.496 24.23
15.866 25.392
15.748 24.803
15.084 25.65
16.311 24.526
21.189 24.792
22.108 22.882
16.667 24.997
20.808 24.117
19.967 25.108
20.833 22.505
12.449 23.559
12.436 28.462
21.785 24.049
15.339 26.067
10.403 26.771
19.65 25.287
15.838 25.152
22.026 24.434
23.185 22.448
17.662 23.276
10.238 28.179
17.432 26.075
17.857 25.422
16.066 26.957
20.586 24.974
20.57 23.958
14.67 26.453
16.642 24.941
18.524 25.963
11.315 27.976
19.642 23.55
19.217 23.685
17.584 26.055
15.182 23.765
13.086 23.932
12.739 24.968
16.507 27.853
14.438 23.412
17.681 26.399
19.96 23.483
15.994 27.531
12.901 27.635
17.877 21.915
17.429 25.719
22.881 23.334
20.749 23.952
12.473 25.133
18.938 26.066
14.441 25.787
18.651 24.715
14.534 27.628
18.47 24.338
20.917 23.135
21.037 23.388
19.343 26.801
20.793 23.578
16.974 26.692
15.523 26.32
19.388 26.079
18.237 24.574
20.254 24.638
22.169 22.132
15.671 25.554
13.298 24.387
22.08 24.509
24.131 23.347
16.259 23.519
19.141 24.782
7.1248 27.249
21.315 24.073
16.1 26.42
15.325 28.148
15.456 25.697
18.079 24.431
21.121 25.065
16.448 23.967
16.437 23.862
18.941 25.921
18.401 26.054
10.841 25.326
15.129 25.589
16.278 24.595
17.297 23.937
19.15 22.557
15.979 25.448
14.093 23.806
20.311 22.776
15.528 27.351
18.181 24.854
18.555 27.898
17.599 25.352
15.733 23.465
21.125 22.904
20.303 24.942
21.239 22.723
17.377 26.016
18.642 24.112
16.614 25.935
18.867 24.983
13.8 26.359
20.587 25.205
19.693 24.41
17.056 23.568
14.409 23.504
20.719 24.94
15.684 27.141
21.997 23.538
15.141 25.973
19.354 24.673
15.05 26.369
20.562 25.195
13.991 25.301
21.612 24.383
6.938 27.125
16.598 25.083
20.754 23.492
17.363 24.234
19.607 23.374
18.592 24.568
16.382 26.484
22.331 22.855
21.936 23.57
16.093 24.805
21.824 23.025
13.024 27.298
20.436 23.473
18.467 26.263
17.026 25.022
17.282 23.909
19.59 23.811
18.99 24.221
20.263 24.268
20.065 26.139
16.27 25.891
23.158 25.264
15.138 26.436
14.439 27.864
16.732 23.857
18.743 25.761
18.475 26.154
22.216 24.793
22.499 23.435
16.896 25.531
11.199 27.281
20.823 24.157
16.049 26.633
21.371 24.323
22.842 25.403
13.759 24.386
20.928 23.749
21.568 25.343
19.8 23.464
12.379 26.09
17.72 25.298
15.796 24.693
17.522 25.317
21.165 24.201
14.434 28.46
17.501 26.454
13.053 23.246
21.372 22.377
17.843 26.838
22.643 25.021
20.877 25.777
15.259 24.026
18.288 23.86
16.211 24.073
22.257 22.581
18.853 26.666
17.501 25.333
23.187 23.502
21.183 24.383
21.537 26.254
14.334 24.749
17.884 25.924
22.066 23.254
16.063 25.352
14.091 25.794
17.711 25.996
17.688 26.037
15.249 25.39
21.165 25.547
12.554 26.923
23.253 24.723
18.199 24.659
15.737 26.565
16.739 23.641
16.01 25.265
14.126 25.635
14.802 26.798
14.134 28.518
15.143 27.24
17.173 24.148
19.31 26.004
9.3426 26.178
21.873 22.283
18.917 24.83
16.734 26.233
12.607 26.786
10.835 25.903
18.385 26.502
19.574 26.657
17.727 24.504
17.766 23.086
14.229 26.697
12.616 28.475
17.244 24.309
19.089 23.721
19.827 24.416
15.278 26.163
19.245 25.597
14.814 26.905
21.402 22.527
16.744 26.637
21.266 25.602
19.4 24.815
23.686 23.297
21.259 25.973
15.88 28.5
19.904 23.295
21.797 23.804
20.76 22.749
21.413 24.253
22.874 25.083
16.076 26.856
20.446 22.953
21.32 24.538
20.377 23.063
17.145 22.853
14.752 26.259
20.261 23.521
22.341 22.489
18.51 22.568
16.383 25.295
18.02 23.672
18.897 27.247
17.877 25.002
15.715 26.686
20.37 25.973
20.451 25.994
18.012 23.745
16.014 24.637
19.778 24.72
17.654 22.185
15.657 27.561
20.319 21.956
20.433 25.333
16.594 23.213
19.192 25.069
19.839 25.35
17.388 27.296
14.694 26.25
19.822 22.769
17.838 25.072
20.385 24.992
20.46 25.098
19.712 26.055
13.106 25.79
15.582 25.523
18.226 24.34
17.103 25.19
19.612 22.632
21.232 22.755
18.347 24.873
12.218 28.616
14.784 26.012
16.58 26.411
14.796 26.16
12.041 24.664
11.879 26.189
16.879 25.808
17.475 24.159
19.296 23.779
21.357 24.787
15.704 25.769
17.861 25.625
16.692 28.637
19.006 23.048
14.783 25.16
20.464 24.131
19.457 26.659
21.978 23.847
19.983 24.052
17.177 25.377
22.706 23.595
19.124 24.658
16.216 24.713
19.999 23.568
13.19 26.267
18.791 22.49
18.403 25.437
23.081 22.656
10.462 25.251
15.518 27.674
18.16 26.512
15.724 24.384
19.117 25.081
15.516 27.511
20.923 23.238
14.755 24.873
19.305 24.804
16.294 24.89
22.987 23.336
17.926 23.878
22.388 24.476
15.752 23.868
15.4 24.646
18.005 25.115
16.335 27.03
14.049 24.808
18.051 24.604
16.43 25.496
14.809 25.782
17.547 25.708
18.965 23.308
19.922 24.279
11.778 26.709
15.269 24.547
20.235 22.63
20.027 26.003
15.902 25.254
18.181 26.039
16.454 25.127
14.348 25.852
13.643 26.905
19.189 22.707
18.981 23.157
23.132 23.487
15.902 26.516
18.439 25.649
16.209 27.466
20.718 23.502
20.162 23.919
22.175 22.222
17.815 24.868
20.953 24.227
15.452 24.714
15.674 25.39
17.986 24.529
15.19 26.476
15.175 25.383
15.174 22.845
21.785 25.496
18.653 25.162
14.013 25.997
20.63 25.383
15.206 27.818
17.195 25.585
17.982 26.095
12.663 23.546
16.706 24.777
15.416 25.194
14.967 25.16
20.43 23.115
20.751 23.452
18.354 25.597
23.604 24.214
18.985 24.76
15.944 23.007
13.986 24.797
13.307 26.335
17.916 22.272
14.902 24.658
16.566 28.082
15.8 26.076
15.597 23.606
17.116 25.338
13.215 27.735
18.818 25.446
20.425 26.76
19.259 22.332
18.358 25.537
17.525 25.264
15.248 25.665
17.723 26.6
21.271 25.244
20.068 23.42
10.972 28.043
16.2 23.767
21.242 25.086
18.317 23.174
18.992 24.448
14.999 25.202
20.14 25.082
20.55 23.436
15.133 23.521
18.842 23.716
17.932 23.954
18.56 26.806
16.601 22.479
22.047 24.151
15.766 23.666
14.402 25.503
20.963 22.112
15.154 23.343
18.702 25.293
19.623 26.319
14.125 23.117
16.806 23.922
15.972 27.371
20.073 22.129
16.506 26.682
12.275 24.449
20.394 22.624
14.086 27.932
15.052 23.792
22.54 23.895
23.478 24.422
22.478 23.878
22.323 23.492
22.906 22.252
18.326 25.367
22.818 22.759
17.415 25.739
23.46 23.54
15.342 26.356
18.586 24.581
17.612 25.873
18.868 24.114
19.672 22.096
17.877 25.735
12.686 27.279
16.62 26.374
20.308 23.62
20.056 25.058
12.497 29.963
16.319 23.719
20.84 24.828
21.701 24.003
23.547 24.235
21.373 24.446
17.903 24.662
15.955 25.467
15.456 26.3
12.635 23.996
19.15 24.146
16.521 22.553
16.533 23.128
14.658 24.497
18.167 23.342
16.891 23.028
18.425 24.721
20.517 23.388
13.672 26.428
17.878 25.957
16.27 24.065
20.092 23.818
17.487 27.389
17.779 23.96
17.312 24.455
18.18 23.513
18.886 24.834
22.458 22.088
15.61 23.686
12.92 26.554
15.392 23.398
15.362 25.458
21.491 22.487
19.514 24.113
17.273 26.714
10.092 25.427
17.742 25.309
16.153 24
19.685 23.67
19.257 24.555
17.621 23.183
16.267 27.751
22.162 23.883
19.555 23.65
19.886 25.62
21.55 23.167
16.995 24.119
17.024 27.523
19.942 24.854
13.226 24.937
16.62 25.937
17.336 24.071
20.642 22.39
16.991 26.687
16.192 22.774
21.244 24.872
16.15 26.27
14.105 27.378
16.342 24.838
20.681 23.059
17.677 26.335
16.76 25.207
16.471 26.405
13.251 27.022
17.591 25.187
19.81 24.885
10.553 26.537
17.278 24.765
16.115 23.942
19.068 23.581
13.648 27.351
21.746 23.484
19.914 25.681
12.565 24.566
16.392 27.301
16.186 24.513
22.729 24.44
20.354 24.601
20.028 25.353
20.453 23.773
17.314 24.942
17.442 26.091
15.047 25.228
13.501 26.827
18.991 25.06
18.076 24.558
18.405 24.22
22.633 21.967
19.014 26.66
16.839 27.645
17.537 26.027
19.781 21.736
16.323 26.178
21.693 22.795
18.488 27.345
16.739 26.154
14.857 23.636
10.849 27.517
15.43 26.402
19.97 23.403
15.446 27.036
16.118 23.059
11.643 28.092
22.326 24.829
17.723 25.727
14.252 25.378
19.314 27.604
16.635 25.133
16.119 24.996
18.947 27.471
17.805 27.113
19.566 24.26
15.93 25.543
20.828 23.963
21.691 23.321
17.071 25.425
21.767 23.524
20.176 24.195
14.223 27.708
14.083 26.025
19.654 26.033
19.206 25.983
19.118 24.995
12.235 27.032
18.923 25.205
12.829 26.406
21.409 24.6
12.562 25.497
18.26 26.175
22.301 24.036
19.529 23.794
19.817 26.582
14.07 27.531
16.017 24.374
12.698 25.806
14.312 26.294
22.422 24.307
18.87 26.026
16.707 23.988
16.193 22.127
21.136 26.648
16.508 27.372
22.905 24.379
19.149 21.973
17.216 25.679
17.258 24.253
15.019 23.776
19.547 26.263
19.448 24.063
17.68 26.67
16.302 27.495
11.33 26.48
19.332 23.665
20.086 23.235
17.599 23.32
19.603 24.874
20.22 24.052
18.534 24.815
14.19 26.054
19.171 26.57
14.678 26.263
18.93 24.423
21.507 22.177
20.14 24.742
18.477 24.936
15.845 27.544
20.94 23.383
20.913 26.613
17.671 25.173
16.046 25.625
22.247 24.078
17.916 24.721
13.977 26.419
10.723 26.168
14.258 27.856
14.242 26.006
12.594 24.786
19.998 22.851
17.66 25.269
21.524 23.126
15.001 28.018
20.314 26.319
22.4 25.66
16.035 24.9
14.098 25.719
21.988 26.006
15.613 27.445
18.071 26.943
19.34 23.888
19.093 23.846
21.431 26.299
14.148 26.877
15.346 24.697
19.037 24.253
20.723 22.777
21.006 25.121
22.099 23.491
22.488 23.476
14.081 23.876
20.459 23.774
21.695 23.74
18.798 24.897
21.529 24.562
18.364 23.857
18.879 23.839
21.742 25.806
16.838 25.932
20.761 24.059
20.909 24.97
12.597 28.411
19.768 25.847
18.426 24.967
18.555 24.062
21.914 23.228
18.878 22.16
16.753 23.609
15.987 25.233
22.588 22.094
19.459 22.515
16.855 25.809
18.094 24.627
12.406 26.54
20.741 24.327
18.732 23.926
15.449 26.085
17.173 26.059
12.809 26.706
14.951 24.476
16.391 25.332
16.924 26.184
18.032 25.03
17.442 26.293
20.799 25.072
16.094 25.479
20.853 25.451
20.966 24.696
15.072 25.39
10.43 27.276
13.911 24.602
19.738 23.471
13.614 25.593
14.567 28.271
17.249 23.271
16.286 26.485
14.925 26.457
18.695 24.186
13.961 28.011
13.044 25.412
14.648 25.782
21.87 24.839
14.432 26.638
20.642 23.838
19.708 23.392
16.705 25.674
17.91 25.16
17.464 25.071
14.586 25.697
14.938 25.534
19.702 24.607
13.364 26.667
16.12 26.63
19.842 24.394
15 25.311
19.65 25.441
18.125 23.527
16.102 26.031
20.346 24.629
17.512 26.038
16.858 24.542
15.271 24.969
15.127 26.379
20.045 25.809
23.213 23.112
15.964 25.207
18.069 24.955
18.651 25.413
16.605 25.07
16.942 25.172
16.144 25.538
15.382 28.363
21.122 22.814
12.551 26.443
