2 0 2 0 2 2 2 2 2 2 2 4 4 4 2 2 4 4 4 13 13 13 13 8 8 8 8 8 3 3 3 3 3 3 1 1 1 1 1 1 1 7 7 7 7 7 12 12 12 12 2 2 2 4 4 4 4 0 0 0 2 2 2 0 4 0 0 0 2 0 0 2 4 0 4 
2 2 2 2 2 2 2 2 4 4 2 2 2 2 2 2 4 4 13 13 13 13 8 8 8 8 8 8 8 8 8 8 8 11 3 3 3 3 3 3 3 1 1 1 1 1 1 1 1 7 7 7 7 7 7 7 12 12 12 12 12 12 2 2 2 2 2 2 2 2 2 4 4 2 2 2 2 2 2 2 2 4 4 4 
2 2 2 2 2 4 4 4 4 2 2 2 2 2 2 2 2 4 13 13 13 13 13 8 8 8 8 8 8 3 3 3 3 3 3 3 1 1 1 1 1 1 1 1 1 7 7 7 7 7 7 7 7 7 7 12 12 12 12 12 12 0 2 0 0 2 2 2 2 2 2 4 2 2 2 2 4 4 4 
2 2 2 4 4 2 2 4 2 2 2 2 2 2 2 4 4 4 4 13 13 13 13 13 8 8 8 8 8 8 8 3 3 3 3 3 3 3 3 3 3 1 1 1 1 1 1 7 7 7 7 7 7 7 7 7 7 12 12 12 12 2 2 2 0 0 0 0 2 0 0 0 0 0 0 2 2 2 0 2 0 0 4 4 
2 2 2 4 2 2 2 2 2 2 4 4 4 0 2 2 2 2 2 2 2 2 2 2 2 2 2 4 4 4 2 2 2 4 4 4 4 13 13 13 13 10 8 8 8 8 8 8 3 3 3 3 3 3 3 1 1 1 1 1 1 1 1 1 1 1 1 7 7 7 7 7 7 7 7 12 12 12 12 12 2 0 4 0 0 0 0 0 0 0 2 0 0 0 2 2 0 2 4 4 4 
2 2 2 2 2 2 2 2 2 2 2 2 2 2 2 2 2 2 2 2 4 4 2 2 2 2 2 2 2 2 2 4 4 4 13 13 13 13 7 7 8 8 8 8 8 8 8 8 3 3 3 3 3 3 1 1 1 1 1 1 1 7 7 7 7 7 7 7 7 7 7 12 12 12 12 12 0 0 0 0 0 0 0 0 0 0 2 0 0 0 2 2 2 0 0 4 4 
2 2 2 4 4 0 0 0 0 0 0 0 0 0 2 0 2 2 2 2 2 2 2 2 2 2 2 2 2 4 2 2 2 4 4 4 4 4 2 4 4 13 13 13 13 8 8 8 8 8 8 8 8 8 8 8 8 3 3 3 3 3 3 3 3 3 1 1 1 1 1 1 1 1 7 7 7 7 7 5 5 5 1 1 7 7 12 12 12 12 0 0 0 0 0 0 0 0 0 0 0 0 0 0 0 0 0 0 0 0 0 0 0 0 0 4 
2 2 0 2 2 0 0 0 2 0 0 2 2 0 2 2 4 4 0 2 2 2 2 2 2 2 2 4 4 13 13 13 13 10 10 10 10 8 8 8 8 3 3 3 3 3 3 3 3 1 1 1 1 1 1 1 1 7 7 7 7 7 7 7 7 7 7 12 12 12 12 12 2 2 0 0 0 0 0 2 0 0 0 0 0 0 0 2 0 0 0 0 4 4 
2 2 2 2 2 2 2 2 2 4 2 2 2 2 4 4 4 0 0 2 2 2 2 4 4 4 4 4 13 13 13 13 10 10 10 10 10 7 7 7 7 7 7 8 8 8 8 8 8 8 8 3 3 3 3 3 3 3 3 3 3 1 1 1 1 1 1 1 1 1 7 7 7 7 7 12 12 12 12 12 12 2 2 2 0 2 0 0 2 2 2 2 0 2 2 2 2 2 4 4 4 
2 2 0 2 2 0 2 2 2 2 2 4 4 4 0 0 0 2 4 4 13 13 13 13 7 8 8 8 8 8 8 8 8 8 3 3 3 3 3 3 3 3 3 3 3 1 1 1 1 1 1 1 7 7 7 7 7 7 7 7 7 7 7 7 12 12 12 12 2 0 0 0 2 0 2 2 2 2 2 2 2 2 2 2 2 2 2 2 2 2 2 4 4 4 
2 2 2 2 2 2 2 2 2 2 2 2 2 2 2 2 2 2 4 4 4 4 2 2 2 4 4 4 13 13 13 13 13 10 10 10 10 10 8 8 8 8 8 8 3 3 3 3 3 3 3 3 3 3 3 1 1 1 1 1 1 1 1 1 7 7 7 7 7 7 7 7 5 5 12 12 12 12 2 2 2 0 0 2 2 0 0 2 2 2 2 0 2 2 2 2 2 0 2 2 4 4 4 
2 2 2 4 4 4 0 2 0 2 4 0 0 0 2 2 2 2 2 0 6 2 2 4 4 4 11 11 2 2 2 2 4 4 0 2 4 4 4 4 4 0 0 0 13 13 13 13 13 8 8 8 8 8 8 8 8 8 3 3 3 3 3 3 3 3 3 1 1 1 1 1 1 1 1 1 7 7 7 7 7 7 12 12 12 12 12 12 0 0 0 0 0 0 0 0 0 0 0 0 0 0 0 0 0 0 2 0 0 0 0 0 0 0 0 0 0 0 0 0 0 0 0 0 0 0 0 0 0 0 0 0 2 2 2 2 2 2 0 0 2 2 2 4 4 4 6 2 2 6 2 6 2 4 4 2 0 2 2 2 2 2 2 2 4 2 2 2 2 2 4 4 4 4 0 0 0 0 0 0 0 0 2 2 2 0 0 0 0 0 2 4 4 4 
2 2 2 2 2 2 2 2 2 2 4 2 2 0 2 2 4 4 0 2 0 2 2 2 4 0 0 0 2 2 2 4 4 4 4 4 13 13 13 13 13 7 8 8 8 8 8 8 8 8 8 3 3 3 3 3 3 3 1 1 1 1 1 1 1 1 1 1 7 7 7 7 7 7 5 5 5 5 12 12 12 12 12 12 2 0 2 2 2 2 2 2 2 2 2 4 2 2 2 2 2 2 2 2 2 4 4 4 
2 2 2 2 4 2 2 2 2 2 2 2 2 2 2 4 4 13 13 13 13 13 8 8 8 8 8 8 8 3 3 3 3 3 3 3 1 1 1 1 1 1 1 1 9 9 7 7 7 7 7 7 7 7 7 12 12 12 12 12 12 12 2 2 2 2 0 2 2 2 2 2 2 2 2 2 2 2 2 2 2 2 4 4 2 4 4 4 
2 2 2 2 2 2 2 2 2 2 4 4 4 4 4 4 4 4 13 13 13 13 8 8 8 8 8 8 8 8 8 3 3 3 3 3 3 3 3 1 1 1 1 1 1 1 1 1 1 7 1 7 7 7 7 7 7 12 12 12 12 0 0 0 0 0 0 0 0 0 0 0 0 0 0 0 0 0 0 0 0 0 0 0 0 
2 2 2 2 4 2 2 0 2 2 2 2 4 4 4 13 13 13 13 7 7 7 8 8 8 8 8 8 8 3 3 3 3 3 3 3 3 1 1 1 1 1 1 1 9 9 7 7 7 7 7 7 7 7 7 7 12 12 12 12 2 2 2 0 0 2 2 2 2 2 2 2 2 4 2 0 2 2 2 2 0 2 2 2 2 2 4 4 4 
2 0 0 0 2 2 2 2 2 2 2 2 2 2 4 4 4 13 13 13 13 13 8 8 8 8 8 8 3 3 3 3 3 3 3 1 1 1 1 7 7 7 7 7 12 12 12 12 12 2 0 2 2 0 2 2 2 4 0 0 2 2 2 2 0 2 2 4 4 4 
2 2 2 2 2 2 4 2 2 4 4 4 4 4 2 2 2 4 13 13 13 13 7 7 7 10 10 10 7 7 7 8 8 8 8 8 8 8 3 3 3 3 3 3 3 3 3 1 1 1 1 1 1 1 1 1 1 1 1 7 7 7 7 7 7 7 7 7 12 12 12 12 12 2 2 2 4 4 0 0 2 2 2 2 2 2 2 2 2 2 2 2 2 2 4 4 4 
2 2 2 2 4 2 2 2 2 2 2 2 2 2 4 4 4 4 13 13 13 13 13 8 8 8 8 8 8 8 8 3 3 3 3 3 3 3 3 3 3 3 1 1 1 1 1 1 1 7 7 7 7 7 7 7 7 7 12 12 12 12 12 2 0 4 4 4 0 0 0 0 2 2 0 0 0 0 0 0 2 2 2 4 4 4 0 0 0 2 2 2 0 0 0 4 4 
0 2 2 2 2 2 2 2 2 2 4 2 2 2 2 2 2 4 4 13 13 13 13 10 8 8 8 8 8 8 8 3 3 3 3 3 3 3 3 3 3 3 3 3 1 1 1 1 1 1 1 1 1 1 1 1 1 1 7 7 7 7 7 12 12 12 12 2 4 0 0 0 0 0 0 0 2 0 0 0 2 2 4 4 4 0 0 0 0 2 0 4 
2 2 2 2 2 2 4 2 2 2 2 2 2 4 2 2 2 2 2 2 2 2 4 4 4 4 0 2 2 2 2 2 2 2 4 13 13 13 13 13 8 8 8 8 8 8 8 8 8 8 8 8 8 8 3 3 3 3 3 1 1 1 1 1 1 1 7 7 7 12 12 12 12 12 2 0 0 0 0 0 0 0 0 0 0 2 0 0 0 2 0 2 0 0 4 4 4 
2 2 2 2 2 2 2 2 2 2 2 2 2 4 4 4 0 0 2 2 2 4 0 0 2 2 2 4 4 4 4 4 13 13 13 13 13 8 8 8 8 8 3 3 3 3 3 3 1 1 1 1 1 1 1 1 1 1 11 11 7 1 7 0 7 7 0 0 7 7 7 12 12 12 12 0 0 0 0 0 2 2 4 0 0 0 0 0 0 0 0 0 0 0 4 4 
2 2 2 2 2 4 4 2 2 2 2 2 2 2 2 2 2 2 2 2 4 4 4 4 1 1 4 13 13 13 9 9 7 7 7 7 8 8 8 8 8 8 8 3 3 3 3 3 3 1 1 1 11 11 10 10 10 7 7 7 7 7 7 7 5 5 5 12 12 12 12 2 2 0 2 0 2 2 0 0 0 0 0 0 0 0 2 2 2 2 4 4 2 2 4 4 4 
2 2 2 2 2 2 2 2 2 2 2 2 2 2 2 2 2 2 4 4 4 1 0 2 2 2 2 2 2 2 2 4 4 4 4 4 4 0 0 0 0 4 13 13 13 13 13 10 8 8 8 8 8 8 8 8 8 8 3 3 3 3 3 3 3 3 3 3 3 1 1 1 1 1 1 1 1 9 9 9 9 9 7 7 7 7 7 7 7 7 7 12 12 12 12 12 0 0 0 0 0 0 0 0 0 0 0 0 0 0 0 0 0 0 0 0 0 0 0 0 4 
2 2 2 4 4 0 0 2 2 2 2 2 2 2 2 4 4 4 13 13 13 13 8 8 8 8 8 8 8 3 3 3 3 3 3 3 3 3 3 3 3 10 1 1 1 1 1 1 1 7 7 7 7 7 7 7 7 7 7 7 12 12 12 12 2 0 0 0 0 0 2 0 2 0 2 2 2 2 0 0 2 2 0 4 4 
2 2 2 2 2 2 2 2 2 2 2 0 2 2 2 2 2 4 4 13 13 13 13 13 10 7 7 8 8 8 8 8 8 8 8 8 8 3 3 3 3 3 3 3 3 3 1 1 1 1 1 1 1 1 1 1 7 7 7 7 7 12 12 12 12 12 2 2 2 2 4 2 4 4 4 0 0 2 2 0 0 2 0 0 2 2 2 2 2 2 4 4 4 4 
2 2 0 0 2 0 2 2 2 2 2 2 2 4 2 2 2 2 2 2 2 2 2 2 4 2 2 2 2 2 2 4 2 2 4 4 2 4 2 4 4 13 13 13 13 13 8 8 8 8 8 8 8 8 3 3 3 3 3 3 3 3 1 1 1 1 1 1 1 1 1 1 7 7 7 7 7 7 12 12 12 12 12 0 0 0 0 0 0 0 0 0 0 0 0 0 0 0 0 0 0 0 0 0 0 0 0 0 
2 2 2 2 2 2 2 4 4 4 4 2 2 2 2 2 4 4 13 13 13 13 13 8 8 8 8 8 8 3 3 3 3 3 3 3 3 1 1 1 1 1 1 1 7 7 7 7 7 7 7 12 12 12 12 12 12 2 11 11 2 2 2 2 2 2 2 2 2 2 4 4 4 4 4 
2 2 2 2 0 0 2 2 2 2 4 4 4 4 0 0 0 2 2 2 6 6 2 4 2 0 2 2 2 2 2 4 4 4 13 13 13 13 13 8 8 8 8 8 3 3 3 3 3 3 3 3 3 1 1 1 1 1 1 7 7 7 7 7 7 7 7 7 7 7 12 12 12 12 12 2 0 0 0 0 0 0 0 0 0 0 2 2 0 2 2 0 0 2 2 4 4 
2 2 2 2 2 2 2 2 2 4 4 4 4 4 4 4 4 4 13 13 13 13 10 8 8 8 8 8 8 8 3 3 3 3 3 3 3 3 3 3 1 1 1 1 1 1 1 1 1 1 1 1 7 7 7 7 7 7 7 7 12 12 12 12 12 2 0 0 0 0 0 4 4 0 4 0 0 0 0 0 0 0 0 0 0 0 0 0 0 0 0 4 
2 2 2 2 2 2 2 2 4 2 2 2 4 4 4 4 4 4 2 2 0 4 4 0 1 0 2 6 2 2 2 2 2 2 2 2 2 2 4 4 4 4 2 0 0 4 13 13 13 13 13 7 7 7 7 7 7 7 8 8 8 8 8 8 8 8 8 3 3 3 3 3 3 3 3 3 1 1 1 1 1 7 7 9 7 7 7 7 7 7 7 12 12 12 12 12 12 0 0 0 0 0 0 0 0 0 0 0 0 0 0 0 0 0 0 0 0 0 0 0 0 2 4 0 
2 0 0 0 0 0 2 2 0 4 0 2 0 2 2 2 2 2 2 2 2 2 2 2 2 4 4 4 4 13 13 13 13 13 8 8 8 8 8 8 8 8 8 3 3 3 3 3 3 3 3 3 3 3 1 1 1 1 1 1 1 1 1 7 7 7 7 7 7 7 7 7 7 7 12 12 12 12 12 12 0 0 0 0 0 2 0 0 0 0 0 0 2 2 2 2 0 0 0 0 2 2 2 2 2 2 2 2 2 4 4 4 
2 2 2 2 2 2 2 2 2 2 4 2 2 4 4 4 4 13 13 13 13 13 8 8 7 8 8 8 8 8 8 8 8 3 3 3 3 3 3 1 1 1 1 1 1 1 1 7 7 7 7 7 7 7 7 7 7 12 12 12 12 12 2 2 2 2 2 2 2 0 2 2 2 2 2 4 4 4 
0 0 0 0 0 0 0 0 0 2 2 2 2 2 2 2 2 2 2 4 4 4 4 4 13 13 13 13 10 8 8 8 8 3 3 3 3 3 3 3 3 1 1 1 1 1 1 1 1 1 1 7 7 7 7 7 7 7 7 7 5 5 12 12 12 12 2 2 4 4 0 0 0 0 0 0 0 0 0 4 4 
2 2 2 2 2 2 2 2 2 2 2 2 2 2 2 2 2 2 2 2 2 4 2 2 2 2 2 2 2 2 2 4 4 4 4 2 2 2 2 2 2 2 2 4 4 4 13 13 13 13 13 13 8 8 8 8 8 8 8 8 3 3 3 3 3 3 3 1 1 1 1 1 1 7 7 7 7 7 7 7 7 7 7 12 12 12 12 12 2 0 0 0 0 0 0 2 0 0 0 2 0 4 4 0 0 0 0 
2 2 2 2 2 2 2 2 2 2 2 2 4 4 4 4 4 13 13 13 13 13 8 8 8 8 8 8 8 3 3 3 3 3 3 1 1 1 1 1 1 1 1 1 1 1 1 7 7 7 7 7 7 7 12 12 12 12 12 2 2 2 0 0 4 0 0 0 0 0 0 2 0 0 0 2 2 0 2 2 2 4 4 4 
2 2 2 4 4 2 2 2 2 2 2 2 2 4 2 2 2 2 4 4 4 4 10 0 2 2 2 2 2 2 2 2 4 4 4 4 13 13 13 13 7 7 7 7 7 7 8 8 8 8 8 8 8 8 8 3 3 3 3 3 3 3 3 1 1 1 1 1 1 1 1 1 10 7 7 7 7 7 7 7 7 7 12 12 12 12 12 2 2 0 0 0 0 2 2 2 2 2 2 4 4 4 4 4 4 4 0 4 4 4 
2 2 2 2 4 2 2 2 2 2 2 4 4 4 4 4 4 13 13 13 13 13 7 8 8 8 8 8 8 8 3 3 3 3 3 3 1 1 1 1 1 1 7 7 7 7 7 7 7 7 7 7 7 12 12 12 12 12 2 0 2 0 0 2 2 2 2 2 2 2 2 2 2 2 2 4 4 4 
2 2 2 2 2 2 2 2 2 2 2 4 4 4 4 4 4 4 13 13 13 13 10 10 10 8 8 8 8 8 8 3 3 3 3 3 1 1 1 1 1 1 1 1 1 7 7 7 7 7 7 7 7 7 7 12 12 12 12 2 2 0 0 0 0 0 0 0 2 2 2 2 2 0 2 0 2 2 0 2 2 2 4 4 4 
2 2 2 2 2 0 2 2 2 4 4 4 0 8 2 2 2 4 4 13 13 13 13 8 8 8 8 8 8 3 3 3 3 3 3 3 3 1 1 1 1 1 1 1 7 7 7 7 7 7 7 7 12 12 12 12 12 2 2 2 0 0 0 0 0 0 2 2 2 4 2 0 4 4 0 4 0 0 0 0 0 0 0 0 2 0 0 0 0 0 0 0 0 0 0 0 0 0 0 2 4 4 
