2 0 2 0 2 2 2 2 2 2 2 4 4 4 2 2 4 4 4 13 13 13 13 8 8 8 8 8 3 3 3 3 3 3 1 1 1 1 1 1 1 7 7 7 7 7 12 12 12 12 2 2 2 4 4 4 4 0 0 0 2 2 2 0 4 0 0 0 2 0 0 2 4 0 4 
2 2 2 2 2 2 2 2 4 4 2 2 2 2 2 2 4 4 13 13 13 13 8 8 8 8 8 8 8 8 8 8 8 11 3 3 3 3 3 3 3 1 1 1 1 1 1 1 1 7 7 7 7 7 7 7 12 12 12 12 12 12 2 2 2 2 2 2 2 2 2 4 4 2 2 2 2 2 2 2 2 4 4 4 
2 2 2 2 2 4 4 4 4 2 2 2 2 2 2 2 2 4 13 13 13 13 13 8 8 8 8 8 8 3 3 3 3 3 3 3 1 1 1 1 1 1 1 1 1 7 7 7 7 7 7 7 7 7 7 12 12 12 12 12 12 0 2 0 0 2 2 2 2 2 2 4 2 2 2 2 4 4 4 
2 2 2 4 4 2 2 4 2 2 2 2 2 2 2 4 4 4 4 13 13 13 13 13 8 8 8 8 8 8 8 3 3 3 3 3 3 3 3 3 3 1 1 1 1 1 1 7 7 7 7 7 7 7 7 7 7 12 12 12 12 2 2 2 0 0 0 0 2 0 0 0 0 0 0 2 2 2 0 2 0 0 4 4 
2 2 2 4 2 2 2 2 2 2 4 4 4 0 2 2 2 2 2 2 2 2 2 2 2 2 2 4 4 4 2 2 2 4 4 4 4 13 13 13 13 10 8 8 8 8 8 8 3 3 3 3 3 3 3 1 1 1 1 1 1 1 1 1 1 1 1 7 7 7 7 7 7 7 7 12 12 12 12 12 2 0 4 0 0 0 0 0 0 0 2 0 0 0 2 2 0 2 4 4 4 
2 2 2 2 2 2 2 2 2 2 2 2 2 2 2 2 2 2 2 2 4 4 2 2 2 2 2 2 2 2 2 4 4 4 13 13 13 13 7 7 8 8 8 8 8 8 8 8 3 3 3 3 3 3 1 1 1 1 1 1 1 7 7 7 7 7 7 7 7 7 7 12 12 12 12 12 0 0 0 0 0 0 0 0 0 0 2 0 0 0 2 2 2 0 0 4 4 
2 2 2 4 4 0 0 0 0 0 0 0 0 0 2 0 2 2 2 2 2 2 2 2 2 2 2 2 2 4 2 2 2 4 4 4 4 4 2 4 4 13 13 13 13 8 8 8 8 8 8 8 8 8 8 8 8 3 3 3 3 3 3 3 3 3 1 1 1 1 1 1 1 1 7 7 7 7 7 5 5 5 1 1 7 7 12 12 12 12 0 0 0 0 0 0 0 0 0 0 0 0 0 0 0 0 0 0 0 0 0 0 0 0 0 4 
2 2 0 2 2 0 0 0 2 0 0 2 2 0 2 2 4 4 0 2 2 2 2 2 2 2 2 4 4 13 13 13 13 10 10 10 10 8 8 8 8 3 3 3 3 3 3 3 3 1 1 1 1 1 1 1 1 7 7 7 7 7 7 7 7 7 7 12 12 12 12 12 2 2 0 0 0 0 0 2 0 0 0 0 0 0 0 2 0 0 0 0 4 4 
2 2 2 2 2 2 2 2 2 4 2 2 2 2 4 4 4 0 0 2 2 2 2 4 4 4 4 4 13 13 13 13 10 10 10 10 10 7 7 7 7 7 7 8 8 8 8 8 8 8 8 3 3 3 3 3 3 3 3 3 3 1 1 1 1 1 1 1 1 1 7 7 7 7 7 12 12 12 12 12 12 2 2 2 0 2 0 0 2 2 2 2 0 2 2 2 2 2 4 4 4 
2 2 0 2 2 0 2 2 2 2 2 4 4 4 0 0 0 2 4 4 13 13 13 13 7 8 8 8 8 8 8 8 8 8 3 3 3 3 3 3 3 3 3 3 3 1 1 1 1 1 1 1 7 7 7 7 7 7 7 7 7 7 7 7 12 12 12 12 2 0 0 0 2 0 2 2 2 2 2 2 2 2 2 2 2 2 2 2 2 2 2 4 4 4 
2 2 2 2 2 2 2 2 2 2 2 2 2 2 2 2 2 2 4 4 4 4 2 2 2 4 4 4 13 13 13 13 13 10 10 10 10 10 8 8 8 8 8 8 3 3 3 3 3 3 3 3 3 3 3 1 1 1 1 1 1 1 1 1 7 7 7 7 7 7 7 7 5 5 12 12 12 12 2 2 2 0 0 2 2 0 0 2 2 2 2 0 2 2 2 2 2 0 2 2 4 4 4 
2 2 2 4 4 4 0 2 0 2 4 0 0 0 2 2 2 2 2 0 6 2 2 4 4 4 11 11 2 2 2 2 4 4 0 2 4 4 4 4 4 0 0 0 13 13 13 13 13 8 8 8 8 8 8 8 8 8 3 3 3 3 3 3 3 3 3 1 1 1 1 1 1 1 1 1 7 7 7 7 7 7 12 12 12 12 12 12 0 0 0 0 0 0 0 0 0 0 0 0 0 0 0 0 0 0 2 0 0 0 0 0 0 0 0 0 0 0 0 0 0 0 0 0 0 0 0 0 0 0 0 0 2 2 2 2 2 2 0 0 2 2 2 4 4 4 6 2 2 6 2 6 2 4 4 2 0 2 2 2 2 2 2 2 4 2 2 2 2 2 4 4 4 4 0 0 0 0 0 0 0 0 2 2 2 0 0 0 0 0 2 4 4 4 
2 2 2 2 2 2 2 2 2 2 4 2 2 0 2 2 4 4 0 2 0 2 2 2 4 0 0 0 2 2 2 4 4 4 4 4 13 13 13 13 13 7 8 8 8 8 8 8 8 8 8 3 3 3 3 3 3 3 1 1 1 1 1 1 1 1 1 1 7 7 7 7 7 7 5 5 5 5 12 12 12 12 12 12 2 0 2 2 2 2 2 2 2 2 2 4 2 2 2 2 2 2 2 2 2 4 4 4 
2 2 2 2 4 2 2 2 2 2 2 2 2 2 2 4 4 13 13 13 13 13 8 8 8 8 8 8 8 3 3 3 3 3 3 3 1 1 1 1 1 1 1 1 9 9 7 7 7 7 7 7 7 7 7 12 12 12 12 12 12 12 2 2 2 2 0 2 2 2 2 2 2 2 2 2 2 2 2 2 2 2 4 4 2 4 4 4 
2 2 2 2 2 2 2 2 2 2 4 4 4 4 4 4 4 4 13 13 13 13 8 8 8 8 8 8 8 8 8 3 3 3 3 3 3 3 3 1 1 1 1 1 1 1 1 1 1 7 1 7 7 7 7 7 7 12 12 12 12 0 0 0 0 0 0 0 0 0 0 0 0 0 0 0 0 0 0 0 0 0 0 0 0 
2 2 2 2 4 2 2 0 2 2 2 2 4 4 4 13 13 13 13 7 7 7 8 8 8 8 8 8 8 3 3 3 3 3 3 3 3 1 1 1 1 1 1 1 9 9 7 7 7 7 7 7 7 7 7 7 12 12 12 12 2 2 2 0 0 2 2 2 2 2 2 2 2 4 2 0 2 2 2 2 0 2 2 2 2 2 4 4 4 
2 0 0 0 2 2 2 2 2 2 2 2 2 2 4 4 4 13 13 13 13 13 8 8 8 8 8 8 3 3 3 3 3 3 3 1 1 1 1 7 7 7 7 7 12 12 12 12 12 2 0 2 2 0 2 2 2 4 0 0 2 2 2 2 0 2 2 4 4 4 
2 2 2 2 2 2 4 2 2 4 4 4 4 4 2 2 2 4 13 13 13 13 7 7 7 10 10 10 7 7 7 8 8 8 8 8 8 8 3 3 3 3 3 3 3 3 3 1 1 1 1 1 1 1 1 1 1 1 1 7 7 7 7 7 7 7 7 7 12 12 12 12 12 2 2 2 4 4 0 0 2 2 2 2 2 2 2 2 2 2 2 2 2 2 4 4 4 
2 2 2 2 4 2 2 2 2 2 2 2 2 2 4 4 4 4 13 13 13 13 13 8 8 8 8 8 8 8 8 3 3 3 3 3 3 3 3 3 3 3 1 1 1 1 1 1 1 7 7 7 7 7 7 7 7 7 12 12 12 12 12 2 0 4 4 4 0 0 0 0 2 2 0 0 0 0 0 0 2 2 2 4 4 4 0 0 0 2 2 2 0 0 0 4 4 
0 2 2 2 2 2 2 2 2 2 4 2 2 2 2 2 2 4 4 13 13 13 13 10 8 8 8 8 8 8 8 3 3 3 3 3 3 3 3 3 3 3 3 3 1 1 1 1 1 1 1 1 1 1 1 1 1 1 7 7 7 7 7 12 12 12 12 2 4 0 0 0 0 0 0 0 2 0 0 0 2 2 4 4 4 0 0 0 0 2 0 4 
2 2 2 2 2 2 4 2 2 2 2 2 2 4 2 2 2 2 2 2 2 2 4 4 4 4 0 2 2 2 2 2 2 2 4 13 13 13 13 13 8 8 8 8 8 8 8 8 8 8 8 8 8 8 3 3 3 3 3 1 1 1 1 1 1 1 7 7 7 12 12 12 12 12 2 0 0 0 0 0 0 0 0 0 0 2 0 0 0 2 0 2 0 0 4 4 4 
2 2 2 2 2 2 2 2 2 2 2 2 2 4 4 4 0 0 2 2 2 4 0 0 2 2 2 4 4 4 4 4 13 13 13 13 13 8 8 8 8 8 3 3 3 3 3 3 1 1 1 1 1 1 1 1 1 1 11 11 7 1 7 0 7 7 0 0 7 7 7 12 12 12 12 0 0 0 0 0 2 2 4 0 0 0 0 0 0 0 0 0 0 0 4 4 
2 2 2 2 2 4 4 2 2 2 2 2 2 2 2 2 2 2 2 2 4 4 4 4 1 1 4 13 13 13 9 9 7 7 7 7 8 8 8 8 8 8 8 3 3 3 3 3 3 1 1 1 11 11 10 10 10 7 7 7 7 7 7 7 5 5 5 12 12 12 12 2 2 0 2 0 2 2 0 0 0 0 0 0 0 0 2 2 2 2 4 4 2 2 4 4 4 
2 2 2 2 2 2 2 2 2 2 2 2 2 2 2 2 2 2 4 4 4 1 0 2 2 2 2 2 2 2 2 4 4 4 4 4 4 0 0 0 0 4 13 13 13 13 13 10 8 8 8 8 8 8 8 8 8 8 3 3 3 3 3 3 3 3 3 3 3 1 1 1 1 1 1 1 1 9 9 9 9 9 7 7 7 7 7 7 7 7 7 12 12 12 12 12 0 0 0 0 0 0 0 0 0 0 0 0 0 0 0 0 0 0 0 0 0 0 0 0 4 
2 2 2 4 4 0 0 2 2 2 2 2 2 2 2 4 4 4 13 13 13 13 8 8 8 8 8 8 8 3 3 3 3 3 3 3 3 3 3 3 3 10 1 1 1 1 1 1 1 7 7 7 7 7 7 7 7 7 7 7 12 12 12 12 2 0 0 0 0 0 2 0 2 0 2 2 2 2 0 0 2 2 0 4 4 
2 2 2 2 2 2 2 2 2 2 2 0 2 2 2 2 2 4 4 13 13 13 13 13 10 7 7 8 8 8 8 8 8 8 8 8 8 3 3 3 3 3 3 3 3 3 1 1 1 1 1 1 1 1 1 1 7 7 7 7 7 12 12 12 12 12 2 2 2 2 4 2 4 4 4 0 0 2 2 0 0 2 0 0 2 2 2 2 2 2 4 4 4 4 
2 2 0 0 2 0 2 2 2 2 2 2 2 4 2 2 2 2 2 2 2 2 2 2 4 2 2 2 2 2 2 4 2 2 4 4 2 4 2 4 4 13 13 13 13 13 8 8 8 8 8 8 8 8 3 3 3 3 3 3 3 3 1 1 1 1 1 1 1 1 1 1 7 7 7 7 7 7 12 12 12 12 12 0 0 0 0 0 0 0 0 0 0 0 0 0 0 0 0 0 0 0 0 0 0 0 0 0 
2 2 2 2 2 2 2 4 4 4 4 2 2 2 2 2 4 4 13 13 13 13 13 8 8 8 8 8 8 3 3 3 3 3 3 3 3 1 1 1 1 1 1 1 7 7 7 7 7 7 7 12 12 12 12 12 12 2 11 11 2 2 2 2 2 2 2 2 2 2 4 4 4 4 4 
2 2 2 2 0 0 2 2 2 2 4 4 4 4 0 0 0 2 2 2 6 6 2 4 2 0 2 2 2 2 2 4 4 4 13 13 13 13 13 8 8 8 8 8 3 3 3 3 3 3 3 3 3 1 1 1 1 1 1 7 7 7 7 7 7 7 7 7 7 7 12 12 12 12 12 2 0 0 0 0 0 0 0 0 0 0 2 2 0 2 2 0 0 2 2 4 4 
2 2 2 2 2 2 2 2 2 4 4 4 4 4 4 4 4 4 13 13 13 13 10 8 8 8 8 8 8 8 3 3 3 3 3 3 3 3 3 3 1 1 1 1 1 1 1 1 1 1 1 1 7 7 7 7 7 7 7 7 12 12 12 12 12 2 0 0 0 0 0 4 4 0 4 0 0 0 0 0 0 0 0 0 0 0 0 0 0 0 0 4 
2 2 2 2 2 2 2 2 4 2 2 2 4 4 4 4 4 4 2 2 0 4 4 0 1 0 2 6 2 2 2 2 2 2 2 2 2 2 4 4 4 4 2 0 0 4 13 13 13 13 13 7 7 7 7 7 7 7 8 8 8 8 8 8 8 8 8 3 3 3 3 3 3 3 3 3 1 1 1 1 1 7 7 9 7 7 7 7 7 7 7 12 12 12 12 12 12 0 0 0 0 0 0 0 0 0 0 0 0 0 0 0 0 0 0 0 0 0 0 0 0 2 4 0 
2 0 0 0 0 0 2 2 0 4 0 2 0 2 2 2 2 2 2 2 2 2 2 2 2 4 4 4 4 13 13 13 13 13 8 8 8 8 8 8 8 8 8 3 3 3 3 3 3 3 3 3 3 3 1 1 1 1 1 1 1 1 1 7 7 7 7 7 7 7 7 7 7 7 12 12 12 12 12 12 0 0 0 0 0 2 0 0 0 0 0 0 2 2 2 2 0 0 0 0 2 2 2 2 2 2 2 2 2 4 4 4 
2 2 2 2 2 2 2 2 2 2 4 2 2 4 4 4 4 13 13 13 13 13 8 8 7 8 8 8 8 8 8 8 8 3 3 3 3 3 3 1 1 1 1 1 1 1 1 7 7 7 7 7 7 7 7 7 7 12 12 12 12 12 2 2 2 2 2 2 2 0 2 2 2 2 2 4 4 4 
0 0 0 0 0 0 0 0 0 2 2 2 2 2 2 2 2 2 2 4 4 4 4 4 13 13 13 13 10 8 8 8 8 3 3 3 3 3 3 3 3 1 1 1 1 1 1 1 1 1 1 7 7 7 7 7 7 7 7 7 5 5 12 12 12 12 2 2 4 4 0 0 0 0 0 0 0 0 0 4 4 
2 2 2 2 2 2 2 2 2 2 2 2 2 2 2 2 2 2 2 2 2 4 2 2 2 2 2 2 2 2 2 4 4 4 4 2 2 2 2 2 2 2 2 4 4 4 13 13 13 13 13 13 8 8 8 8 8 8 8 8 3 3 3 3 3 3 3 1 1 1 1 1 1 7 7 7 7 7 7 7 7 7 7 12 12 12 12 12 2 0 0 0 0 0 0 2 0 0 0 2 0 4 4 0 0 0 0 
2 2 2 2 2 2 2 2 2 2 2 2 4 4 4 4 4 13 13 13 13 13 8 8 8 8 8 8 8 3 3 3 3 3 3 1 1 1 1 1 1 1 1 1 1 1 1 7 7 7 7 7 7 7 12 12 12 12 12 2 2 2 0 0 4 0 0 0 0 0 0 2 0 0 0 2 2 0 2 2 2 4 4 4 
2 2 2 4 4 2 2 2 2 2 2 2 2 4 2 2 2 2 4 4 4 4 10 0 2 2 2 2 2 2 2 2 4 4 4 4 13 13 13 13 7 7 7 7 7 7 8 8 8 8 8 8 8 8 8 3 3 3 3 3 3 3 3 1 1 1 1 1 1 1 1 1 10 7 7 7 7 7 7 7 7 7 12 12 12 12 12 2 2 0 0 0 0 2 2 2 2 2 2 4 4 4 4 4 4 4 0 4 4 4 
2 2 2 2 4 2 2 2 2 2 2 4 4 4 4 4 4 13 13 13 13 13 7 8 8 8 8 8 8 8 3 3 3 3 3 3 1 1 1 1 1 1 7 7 7 7 7 7 7 7 7 7 7 12 12 12 12 12 2 0 2 0 0 2 2 2 2 2 2 2 2 2 2 2 2 4 4 4 
2 2 2 2 2 2 2 2 2 2 2 4 4 4 4 4 4 4 13 13 13 13 10 10 10 8 8 8 8 8 8 3 3 3 3 3 1 1 1 1 1 1 1 1 1 7 7 7 7 7 7 7 7 7 7 12 12 12 12 2 2 0 0 0 0 0 0 0 2 2 2 2 2 0 2 0 2 2 0 2 2 2 4 4 4 
2 2 2 2 2 0 2 2 2 4 4 4 0 8 2 2 2 4 4 13 13 13 13 8 8 8 8 8 8 3 3 3 3 3 3 3 3 1 1 1 1 1 1 1 7 7 7 7 7 7 7 7 12 12 12 12 12 2 2 2 0 0 0 0 0 0 2 2 2 4 2 0 4 4 0 4 0 0 0 0 0 0 0 0 2 0 0 0 0 0 0 0 0 0 0 0 0 0 0 2 4 4 
0 0 0 0 0 0 0 2 2 2 0 2 0 4 4 4 0 0 2 0 2 0 0 2 2 0 0 4 2 2 2 2 4 4 13 13 13 13 10 10 10 10 10 10 10 10 10 10 10 10 10 10 10 10 7 7 7 7 7 7 12 12 12 12 2 4 4 4 0 0 0 0 0 0 0 0 0 2 2 0 4 4 0 0 0 0 0 0 4 
2 0 2 0 0 4 0 0 0 2 2 2 0 0 0 0 2 2 2 4 4 13 13 13 10 10 10 10 10 10 10 10 10 10 10 10 10 10 10 10 1 1 1 1 10 10 10 10 10 7 7 7 12 12 12 12 12 2 0 2 2 0 0 2 2 2 0 2 0 0 2 0 2 2 0 4 4 4 4 4 
2 2 2 2 2 2 2 2 2 2 4 4 2 0 2 2 2 4 4 13 13 13 13 1 1 1 1 10 10 10 10 10 10 10 10 10 10 10 10 10 10 10 10 7 10 7 7 10 7 7 7 7 7 7 7 12 12 12 12 12 2 2 2 2 2 2 4 4 4 2 2 2 2 4 0 4 4 0 0 2 2 2 4 4 
2 2 2 2 2 0 2 2 2 2 2 2 2 2 4 4 4 0 2 0 2 2 2 4 0 2 2 2 4 4 4 13 13 10 10 10 10 10 10 10 10 10 10 10 10 10 10 10 10 10 10 10 10 10 10 7 7 7 7 7 7 7 12 12 12 12 12 2 2 4 4 1 0 0 0 0 0 0 0 0 0 0 0 0 0 0 0 0 0 0 0 0 
2 2 2 2 2 4 2 2 2 2 4 4 4 4 2 2 2 2 2 2 4 4 13 13 13 13 10 10 10 10 10 10 10 10 10 10 10 10 10 10 10 10 10 10 10 10 7 7 7 7 7 7 7 7 7 7 12 12 12 12 12 2 0 0 0 0 0 0 0 0 0 2 2 0 0 0 0 0 0 0 0 4 4 4 
2 2 2 2 2 2 2 2 2 2 2 2 2 2 4 2 2 2 4 4 4 13 13 13 10 10 10 10 10 10 7 7 10 10 8 10 10 10 8 8 10 7 7 7 7 7 7 7 12 12 12 12 12 12 12 2 2 2 0 0 2 0 4 4 0 0 0 0 0 0 2 0 0 4 4 4 
2 2 2 2 2 2 0 2 2 2 2 4 4 4 0 0 2 2 4 4 4 13 13 13 6 6 6 6 10 10 6 10 10 10 10 10 10 10 10 10 10 10 10 10 10 10 10 10 10 10 10 10 8 8 8 8 3 3 7 7 12 12 12 0 0 7 7 0 0 0 12 12 12 2 2 2 2 0 2 2 2 2 2 2 4 4 4 4 4 
2 0 0 0 0 0 0 0 0 0 0 0 0 0 0 2 2 2 2 4 4 6 6 6 2 2 4 4 4 2 0 0 0 0 0 0 2 2 2 2 2 2 2 4 4 4 13 13 13 10 10 10 10 10 10 10 10 10 10 10 10 10 10 10 7 7 7 7 7 7 7 7 7 7 7 12 12 12 12 12 2 2 0 11 11 0 11 0 0 0 0 0 0 0 0 0 0 0 0 0 0 0 0 0 
2 2 2 2 2 4 0 2 0 2 2 2 2 4 4 4 0 2 4 4 4 13 13 13 10 10 10 10 1 1 10 1 1 1 1 1 1 7 7 7 10 10 10 10 8 8 8 8 8 7 7 12 12 12 0 0 0 7 0 12 2 2 2 2 2 2 2 2 4 4 2 0 0 2 2 2 2 4 4 4 
2 2 2 0 0 2 2 2 2 2 2 2 2 2 2 2 2 2 4 4 4 13 13 13 13 1 1 1 1 1 11 11 11 11 11 11 11 11 11 11 10 10 10 10 10 10 10 10 10 10 10 10 8 7 7 7 7 12 12 12 12 2 2 2 4 4 4 4 0 0 0 0 0 0 0 0 0 0 0 0 0 0 7 0 0 0 0 
2 0 2 2 2 0 0 2 0 2 2 0 2 2 2 2 2 2 2 4 4 6 6 4 4 0 12 12 2 2 2 4 0 2 4 4 13 13 13 13 10 10 10 10 10 10 10 10 10 10 10 10 10 10 8 10 7 10 10 10 10 10 7 7 7 7 7 7 12 12 12 12 12 2 2 0 4 0 0 0 0 0 2 0 2 4 0 0 0 2 2 0 0 2 0 4 4 
2 2 2 2 0 2 2 2 2 2 4 0 4 2 2 2 2 4 4 4 13 13 13 10 10 10 10 10 10 10 10 10 10 10 10 10 10 10 10 10 10 10 10 1 7 7 7 7 7 12 12 12 12 12 0 0 0 0 0 0 0 0 0 0 0 0 0 2 2 2 2 2 0 4 4 4 
2 2 2 2 2 4 4 2 2 0 2 2 2 2 2 4 2 2 0 2 4 4 0 0 0 0 2 2 4 4 0 0 2 2 4 4 0 4 4 13 13 13 13 10 10 10 10 10 10 10 10 10 10 10 10 10 10 10 10 10 10 10 10 10 10 10 7 7 7 7 7 12 12 12 12 12 2 0 0 0 0 0 0 0 0 0 0 0 0 0 0 0 0 0 0 0 0 0 0 
2 2 0 2 2 2 2 4 4 4 0 0 0 2 2 2 2 0 4 4 4 0 0 0 2 2 2 2 2 2 0 4 4 13 13 13 13 13 10 10 10 10 10 10 10 10 10 10 10 10 10 10 10 10 10 10 10 10 7 7 7 7 7 7 7 7 12 12 12 12 12 12 2 0 0 0 0 2 0 0 0 0 0 0 0 2 2 2 4 4 4 4 
2 2 2 2 2 2 2 2 4 4 4 13 13 13 4 10 10 10 10 10 10 10 10 10 10 10 10 10 10 10 10 10 10 10 10 10 10 1 7 7 7 12 12 12 12 0 0 0 0 0 0 0 0 0 0 0 0 0 0 0 0 0 0 0 0 0 0 0 4 4 
2 2 2 2 2 2 4 4 4 0 4 0 2 0 0 0 0 2 2 2 2 4 4 13 13 13 13 10 10 10 10 10 10 7 10 10 10 10 7 7 7 7 7 7 7 7 7 7 7 7 7 12 12 12 12 12 12 2 2 2 2 2 2 2 2 4 4 4 4 4 0 0 2 0 4 0 0 0 0 4 
0 0 0 2 0 0 4 0 0 0 0 2 2 2 2 2 2 0 4 4 4 13 13 13 10 10 10 10 10 10 10 10 10 10 10 10 7 7 7 7 12 12 12 12 12 0 12 12 2 2 2 2 0 2 2 2 2 2 2 4 2 4 4 4 4 4 4 2 0 4 0 0 4 4 
2 2 2 2 2 2 2 4 2 2 2 2 2 2 2 2 4 4 4 4 4 13 13 13 10 10 10 10 10 10 10 10 10 10 10 10 10 10 10 10 10 10 10 10 10 10 10 7 10 7 7 7 7 7 7 7 7 7 7 7 7 7 7 7 12 12 12 12 12 2 2 4 0 0 0 2 0 2 2 2 2 2 2 2 2 2 2 4 4 4 
2 2 2 2 2 2 2 2 2 4 4 2 2 2 2 2 2 2 2 4 4 13 13 13 13 1 10 11 10 10 10 10 10 10 10 10 10 10 10 10 10 10 10 10 10 10 10 10 7 7 7 12 12 12 12 12 2 2 2 4 4 4 0 0 0 0 0 0 0 0 0 0 0 0 0 0 0 0 0 0 
2 2 2 2 2 2 2 2 4 0 4 2 2 2 2 2 2 2 2 4 4 4 13 13 13 10 10 10 10 10 10 10 10 10 10 10 10 10 10 10 10 10 10 10 10 10 10 10 10 10 1 10 7 7 7 7 7 7 7 7 7 7 7 12 12 12 12 12 2 0 0 0 0 0 0 0 0 0 0 2 2 2 4 4 4 
2 2 2 2 2 2 2 2 2 2 2 2 2 2 2 2 2 2 2 2 2 4 4 4 4 4 0 2 2 2 2 2 2 4 4 4 13 13 13 13 1 10 10 10 7 7 11 11 11 11 7 7 7 7 7 7 7 10 10 10 10 10 7 7 7 7 7 12 12 12 12 12 2 0 4 0 0 0 0 0 0 0 0 0 0 0 0 0 0 0 0 0 2 0 2 4 4 4 
2 0 0 0 0 0 0 2 2 4 0 0 0 0 0 2 0 2 4 4 0 0 0 2 0 0 0 0 0 0 0 0 0 4 4 13 13 13 13 10 1 10 10 10 10 10 10 10 10 10 10 10 10 10 10 10 10 10 10 10 8 8 3 3 3 3 7 7 12 12 0 0 0 0 0 0 0 0 0 0 0 0 0 0 0 0 0 0 0 0 0 2 2 2 4 4 
0 2 0 0 2 2 0 2 0 2 2 2 2 2 2 2 2 4 4 4 6 6 2 0 0 2 2 2 4 10 13 13 13 13 10 10 10 10 10 10 10 10 7 7 7 7 7 7 7 7 7 7 7 7 7 7 7 8 7 8 8 12 12 12 12 12 2 2 2 4 4 4 0 4 4 4 0 0 0 2 4 0 0 0 2 0 0 0 0 0 0 0 0 0 0 0 0 0 0 0 0 0 0 0 0 0 0 0 0 4 0 
0 0 0 2 0 0 0 2 0 0 2 0 2 2 2 0 0 0 2 4 4 0 0 0 2 2 2 4 4 0 2 2 2 2 4 4 4 4 4 4 13 13 13 10 10 10 10 10 10 10 10 10 10 10 10 10 10 10 10 10 10 10 10 10 10 10 10 10 10 10 10 7 7 7 7 7 7 7 8 12 12 12 12 2 0 0 0 0 0 0 0 0 0 0 7 0 0 0 0 0 0 0 0 0 0 0 0 0 0 0 
2 2 0 2 2 2 2 2 2 0 4 2 2 0 4 4 2 4 4 4 4 4 4 11 11 11 11 11 11 11 11 10 10 10 10 10 10 10 10 10 10 10 10 10 10 7 7 7 7 7 7 7 3 7 7 7 7 12 12 12 12 0 0 0 0 0 0 0 0 0 2 0 2 2 2 2 2 2 4 4 4 
2 0 0 2 0 0 0 0 0 0 0 0 2 2 2 0 2 4 4 13 13 13 13 1 1 10 1 1 1 1 1 1 1 1 1 1 1 1 1 1 11 10 10 10 10 10 10 7 7 7 7 7 7 12 12 12 12 12 2 2 2 2 2 2 2 2 2 2 4 2 0 4 2 2 0 4 2 0 4 4 4 
2 2 2 0 4 2 2 2 2 2 2 2 2 2 2 4 4 4 4 4 4 4 13 13 13 10 10 10 10 10 10 10 10 10 10 10 10 10 10 10 10 10 10 10 10 10 10 10 7 7 7 7 7 12 12 12 12 2 2 0 0 0 0 2 0 0 0 0 0 0 0 0 0 0 0 0 2 0 4 4 
2 2 2 4 2 2 2 2 2 4 4 4 0 0 12 2 2 2 4 4 4 4 4 13 13 13 10 10 10 10 10 10 10 10 10 10 10 10 10 10 10 10 10 10 10 10 10 7 7 7 7 7 12 12 12 12 12 2 0 0 0 0 0 0 0 0 0 0 0 0 2 0 0 0 0 0 0 4 4 
0 0 0 0 0 0 0 0 0 0 0 0 2 0 0 0 0 0 0 6 0 4 1 1 0 0 0 0 0 2 0 0 2 0 0 2 2 2 2 0 2 4 4 13 13 13 13 10 10 10 10 10 10 10 10 10 10 10 10 10 10 10 10 10 10 10 10 7 7 7 7 7 7 12 12 12 12 12 12 12 2 2 2 2 4 4 4 0 0 0 0 0 0 0 0 0 0 0 0 0 4 0 
2 2 2 2 2 2 2 2 2 2 2 2 2 2 2 2 2 2 4 4 4 13 13 13 10 10 10 10 10 10 10 10 10 10 10 10 10 10 10 10 10 10 10 1 1 1 1 7 7 7 7 7 12 12 12 12 12 12 2 2 2 0 4 4 0 0 0 0 0 0 0 0 0 0 0 0 0 0 0 2 0 0 0 0 0 0 0 
2 2 2 2 2 2 2 2 2 2 2 2 2 4 4 4 0 4 4 6 6 6 6 6 1 2 2 2 2 2 0 2 2 2 2 4 13 13 13 13 13 10 10 10 10 10 10 10 10 10 10 10 10 10 10 10 10 10 10 7 7 7 7 7 7 7 12 12 12 12 12 12 0 2 0 0 0 0 0 0 0 0 0 0 0 0 0 0 0 0 0 0 0 0 0 0 0 0 0 0 0 
2 2 2 0 0 2 2 2 2 0 4 4 0 0 0 0 2 2 4 4 13 13 13 13 10 1 1 10 10 10 10 10 10 1 10 10 10 10 10 10 10 10 10 10 10 10 10 10 10 10 10 7 7 7 7 7 7 8 7 8 8 12 12 12 12 12 2 2 2 2 2 2 0 0 2 2 0 4 4 0 0 0 0 0 2 0 2 0 4 4 
2 2 2 4 4 2 4 4 4 0 0 0 2 2 4 4 4 4 0 0 2 6 6 6 2 2 2 2 2 4 4 4 13 13 10 10 10 10 10 10 10 10 10 10 10 10 10 10 10 10 10 10 10 10 10 10 10 7 7 7 7 7 7 7 12 12 12 12 12 2 0 4 4 0 0 0 0 0 0 0 0 0 0 0 0 0 0 0 0 0 0 0 0 
2 2 2 2 2 2 2 2 2 2 2 2 2 2 2 2 4 4 4 13 13 13 13 13 10 10 10 10 10 1 1 7 7 7 7 7 7 10 10 10 10 10 10 10 10 10 10 7 7 7 12 12 12 2 0 0 0 0 0 7 0 0 12 0 2 2 0 0 0 0 2 2 2 2 2 2 2 2 2 2 4 4 4 4 4 
2 2 2 4 2 2 2 2 2 4 4 4 4 4 2 0 2 2 2 2 4 4 4 4 2 2 4 4 13 13 13 10 10 10 10 10 10 10 1 1 10 10 10 10 10 10 10 10 10 10 10 7 7 12 12 12 0 0 10 0 0 10 0 7 0 7 7 7 7 0 0 0 0 0 0 0 0 0 0 0 0 0 0 0 0 0 0 0 
2 2 2 2 2 2 0 2 2 2 2 2 2 2 2 2 2 2 2 2 2 2 4 4 4 2 2 2 2 2 2 2 2 2 2 4 4 4 4 2 2 2 4 4 4 4 4 4 1 1 0 11 11 11 10 10 0 10 10 10 10 10 10 10 10 10 10 10 10 10 10 7 7 7 7 7 7 7 7 12 12 12 12 12 12 0 4 0 0 0 0 0 0 0 0 0 0 0 0 0 0 0 0 
2 2 2 2 2 2 2 2 0 2 2 2 2 2 2 4 4 2 2 4 4 13 13 13 10 10 10 10 10 10 10 10 10 10 10 10 10 10 10 10 10 10 10 10 7 7 7 7 7 7 7 7 12 12 12 12 12 2 0 0 0 0 2 2 2 2 2 4 4 4 0 2 2 2 4 4 0 4 4 4 
2 2 2 0 2 2 2 4 0 2 2 2 2 2 2 2 2 4 4 4 4 4 0 2 2 2 2 2 4 0 0 0 0 0 2 2 2 4 13 13 13 13 10 10 10 10 10 10 10 10 10 10 10 10 10 10 10 7 7 7 7 7 7 12 12 12 12 12 12 12 12 0 0 0 0 0 0 0 0 0 0 0 0 0 0 0 2 0 0 4 4 4 
2 2 2 4 2 0 2 0 2 2 0 2 2 2 0 2 2 2 4 4 4 4 4 0 0 0 0 2 2 2 2 2 4 4 4 4 4 13 13 13 10 10 10 10 10 10 10 10 10 10 10 10 10 10 10 10 10 10 7 7 8 8 7 7 7 7 7 12 12 12 12 0 0 7 7 0 0 0 0 0 0 0 0 0 0 0 0 0 0 0 0 0 0 0 4 4 4 
2 2 0 4 4 0 0 0 0 0 2 2 0 0 2 4 4 4 0 0 0 2 2 0 0 4 4 4 13 13 10 10 10 10 10 10 10 10 10 10 10 10 10 10 10 10 10 7 7 7 7 7 7 7 7 7 7 7 7 7 12 12 12 12 2 0 0 0 0 0 0 0 2 2 2 2 2 2 4 0 4 4 0 0 0 4 4 
2 2 0 4 2 0 2 2 2 2 2 2 2 2 2 2 2 4 4 4 13 13 13 6 6 6 6 6 9 9 9 9 9 5 5 5 5 5 5 11 11 11 11 11 11 11 11 11 11 11 11 10 11 12 12 12 12 2 2 2 4 4 4 4 0 0 0 0 0 0 0 0 0 2 2 2 2 2 2 0 4 4 4 
2 2 2 0 0 2 2 2 0 0 2 2 2 2 2 2 2 2 2 2 2 2 4 0 4 0 2 0 2 2 2 2 2 2 6 6 6 13 13 13 13 9 9 9 9 9 9 9 9 5 5 5 5 5 5 5 5 11 11 11 11 11 11 11 11 11 11 11 11 11 11 10 10 10 10 10 10 10 1 10 10 10 1 1 10 10 10 10 7 7 7 12 12 12 12 12 2 2 4 0 0 0 0 2 2 2 2 2 2 2 0 4 4 0 4 0 0 4 4 4 
2 2 2 4 2 2 2 2 2 2 2 2 2 2 4 2 2 0 2 2 2 4 4 4 4 13 13 13 9 9 9 9 9 9 9 9 9 9 5 5 5 5 5 5 11 11 11 11 11 11 11 11 11 11 11 11 11 11 0 0 0 10 10 10 10 10 10 10 10 10 7 7 7 12 12 12 12 2 2 2 2 2 4 4 4 4 4 4 4 4 0 2 0 0 0 0 4 4 4 
2 2 2 0 2 2 2 2 2 2 2 2 2 2 2 4 4 4 4 4 0 4 0 0 2 2 2 4 4 4 4 0 0 0 2 2 2 2 2 0 2 2 2 2 2 4 13 13 13 13 6 6 6 6 6 6 6 6 6 1 9 9 9 9 9 9 5 5 5 5 5 5 5 5 11 11 11 11 11 11 11 11 11 11 11 11 11 11 10 10 10 10 10 10 10 3 3 3 3 3 0 3 0 0 0 0 0 0 0 0 10 0 0 0 0 0 0 0 0 0 0 0 0 0 0 0 0 0 0 
12 2 2 2 2 2 2 2 2 2 2 2 2 2 2 2 2 2 2 4 4 4 4 0 4 4 13 13 13 13 6 6 6 6 6 6 6 6 6 9 9 9 9 9 9 9 7 7 7 7 7 7 5 5 5 5 5 5 11 11 11 11 11 11 11 11 11 11 11 11 11 11 10 10 10 10 10 10 10 10 7 3 7 12 12 12 12 2 2 4 4 2 2 2 2 2 2 0 4 2 2 2 2 2 2 2 2 2 2 4 4 4 
2 2 2 2 2 2 2 2 2 2 0 2 2 2 2 4 2 4 4 4 2 4 2 4 4 13 13 13 13 7 6 6 6 6 6 6 6 6 6 9 9 9 9 9 9 9 8 7 7 5 5 5 5 5 5 5 11 11 11 11 11 11 11 11 11 11 11 11 11 11 11 11 10 3 7 3 3 0 12 12 12 12 2 2 2 2 4 4 2 2 2 2 2 0 2 2 2 2 2 2 4 4 4 
2 2 2 2 2 2 2 2 2 4 2 2 2 2 2 2 2 4 4 13 13 13 13 6 6 6 6 6 6 6 6 9 9 9 9 9 9 9 9 9 9 9 7 5 5 5 5 5 5 5 5 5 11 11 11 11 11 11 11 11 11 11 11 11 11 10 10 10 10 10 10 10 10 10 10 10 10 10 10 3 3 7 12 12 12 2 2 0 0 0 2 2 0 0 0 0 0 2 0 2 2 0 0 0 0 0 0 0 0 0 4 
2 2 2 2 2 2 2 2 2 4 4 4 2 2 2 2 2 4 4 4 2 2 2 2 2 2 2 2 2 2 2 2 4 4 4 2 4 4 13 13 13 13 6 6 6 6 6 6 6 6 9 9 9 9 9 9 9 7 7 7 5 5 5 5 5 5 5 5 5 11 11 11 11 11 11 11 11 11 11 11 11 11 11 11 11 10 10 10 10 10 10 10 10 10 10 10 10 10 10 10 7 7 7 7 7 12 12 12 12 2 0 0 4 0 0 0 0 0 0 0 0 0 0 0 0 0 0 0 0 0 2 0 4 4 
2 2 2 2 2 2 2 2 2 2 2 2 2 2 2 4 4 13 13 13 13 13 6 6 6 6 6 6 6 6 6 6 6 6 9 9 9 9 9 9 9 7 9 5 5 5 5 5 5 5 5 11 11 11 11 11 11 11 11 11 11 10 10 10 10 10 10 10 10 10 10 10 10 10 12 12 12 12 2 2 2 2 2 2 2 2 2 2 2 2 2 0 4 2 2 2 2 2 2 2 4 4 4 
2 2 2 2 2 2 2 2 2 4 2 2 2 2 2 2 2 2 2 4 4 4 4 4 0 2 2 2 2 2 2 2 2 2 2 2 2 4 4 4 4 4 13 13 13 13 13 6 6 6 6 6 6 9 9 9 9 9 9 9 9 9 7 5 5 5 5 5 5 5 5 11 11 11 11 11 11 11 11 11 11 11 11 11 11 11 11 11 11 11 11 11 10 10 10 10 10 10 0 0 0 0 7 7 12 12 2 2 0 0 0 0 2 2 0 0 2 0 0 2 0 0 0 0 0 0 0 0 0 0 0 0 0 
2 2 2 2 2 2 2 2 2 2 2 2 2 2 2 4 4 4 4 13 13 13 13 13 7 6 6 6 6 6 6 6 6 1 1 9 9 9 9 9 9 9 5 5 5 5 5 5 11 11 10 10 3 3 11 11 11 11 11 0 0 0 10 10 10 10 10 10 10 10 10 10 12 12 12 2 0 2 2 4 0 0 0 0 0 0 0 2 0 2 2 2 2 4 0 2 2 2 2 0 0 4 4 4 0 0 2 0 4 4 
2 2 2 2 2 2 2 2 2 2 2 2 2 2 2 4 2 4 4 4 4 0 0 2 2 2 2 2 2 2 2 2 4 4 4 0 4 13 13 13 13 13 7 7 6 6 6 6 6 6 6 9 9 9 9 9 9 9 5 5 5 5 5 5 5 5 11 11 11 11 11 11 11 11 11 11 11 11 11 11 11 10 10 10 10 10 7 7 7 7 12 12 12 12 12 2 2 0 0 0 2 2 0 2 2 2 2 2 4 2 0 0 2 2 2 2 4 4 4 
2 2 2 2 4 2 4 2 2 2 2 2 2 2 2 2 2 4 4 4 4 0 2 2 2 2 2 2 2 2 4 4 4 4 13 13 13 13 7 6 6 6 6 6 6 9 9 9 9 9 9 9 8 8 5 5 5 5 5 5 5 11 11 11 11 11 11 11 11 11 11 11 11 11 10 10 10 10 10 10 10 10 10 10 10 10 10 10 7 7 12 12 12 12 2 0 0 0 0 0 0 0 0 2 2 2 2 0 2 2 2 2 2 2 2 2 4 4 4 
2 2 2 2 2 2 2 2 2 2 2 2 2 2 2 2 2 2 2 2 2 2 2 2 2 2 4 4 4 4 4 4 13 13 13 13 6 6 6 6 6 9 9 9 9 9 9 9 9 5 5 5 5 5 5 5 5 10 10 11 10 10 10 10 10 10 10 10 10 10 10 10 10 10 10 10 10 7 7 7 12 12 12 12 12 12 2 2 2 2 0 2 2 0 2 2 2 2 2 2 2 4 4 2 2 2 2 2 4 2 2 2 2 2 4 4 4 
2 2 2 2 4 4 4 4 2 2 2 4 4 4 4 6 6 6 6 6 4 4 4 4 4 4 13 9 9 9 9 5 5 5 5 5 5 11 11 11 11 11 11 11 11 11 11 11 11 11 11 11 10 10 10 10 10 10 10 10 10 10 7 7 12 0 0 0 0 0 0 0 0 0 0 0 0 0 0 0 0 0 0 0 0 0 0 0 0 0 0 0 
2 2 2 4 2 0 2 2 2 2 2 0 0 2 0 2 0 4 4 4 6 6 6 6 13 13 9 9 9 9 9 9 7 7 7 5 5 5 5 5 5 5 11 11 11 11 11 11 11 11 11 11 11 10 10 10 10 10 4 10 10 10 12 12 12 2 2 2 2 2 4 4 2 0 2 2 0 0 4 4 0 0 0 2 0 0 0 0 0 0 0 4 
2 2 0 0 2 2 0 4 4 2 0 0 2 2 0 0 2 2 2 2 2 2 4 2 0 4 4 4 0 0 0 0 4 4 4 6 6 6 6 6 4 13 13 9 9 9 9 9 5 5 5 5 5 5 5 11 11 11 11 11 11 11 11 11 11 10 10 10 10 10 7 7 12 12 12 12 2 2 2 0 4 0 0 4 0 0 0 0 0 0 0 0 2 2 0 4 4 4 
2 2 2 2 2 0 2 2 2 2 2 2 2 2 2 2 2 2 2 2 2 2 2 4 4 4 2 4 4 4 4 13 13 13 13 6 6 6 6 6 12 12 2 4 13 13 9 9 9 9 9 5 5 5 5 5 5 11 11 11 8 8 11 11 11 11 11 11 11 11 11 11 11 11 11 11 11 11 11 10 10 10 10 10 7 7 7 7 12 12 12 12 12 0 2 0 0 0 0 0 2 2 0 0 2 0 2 2 2 2 2 2 2 4 4 4 
2 2 2 2 2 4 4 2 2 2 2 2 4 4 4 4 4 4 4 13 13 6 6 6 9 9 9 9 9 9 9 9 7 7 7 5 5 5 5 5 5 11 11 11 11 11 11 10 10 10 10 10 10 10 10 10 10 10 10 7 7 12 12 12 2 2 0 0 0 0 0 0 0 0 0 2 2 2 2 2 2 2 2 2 2 2 4 4 4 
2 2 2 2 2 4 0 2 0 2 0 0 2 2 2 2 2 2 2 4 4 0 2 2 2 2 2 2 2 2 2 2 4 2 2 2 2 2 4 13 13 13 13 6 6 6 6 6 6 6 9 9 9 9 9 9 9 9 9 7 5 5 5 5 5 5 5 11 11 11 11 11 11 11 11 11 11 11 11 11 10 10 10 10 10 10 10 10 10 10 10 10 10 10 10 3 12 12 2 2 2 2 4 4 4 4 0 0 0 0 0 0 0 0 0 0 0 0 0 0 0 0 0 0 0 
2 2 2 2 2 2 2 2 2 2 2 2 2 2 2 2 2 2 2 2 2 2 2 2 2 2 2 4 4 4 4 2 2 2 2 2 4 4 4 2 2 2 4 4 4 4 4 4 4 0 0 0 0 2 2 2 2 6 6 6 6 13 13 13 9 9 9 9 9 7 7 7 7 7 7 5 5 5 5 5 7 8 8 8 8 11 11 11 11 11 11 11 11 11 11 11 10 10 11 10 10 7 7 7 7 12 12 12 12 2 0 0 4 0 0 0 0 0 0 0 0 0 0 0 0 0 0 0 0 0 0 0 0 0 0 
0 2 0 0 0 2 2 2 2 2 2 0 0 0 2 2 2 4 4 4 6 6 6 6 6 6 4 13 13 9 9 9 9 9 5 5 5 5 5 5 5 11 11 11 11 11 11 11 11 11 11 11 10 10 10 10 10 3 7 7 12 12 12 2 0 0 0 0 0 0 0 0 0 0 0 0 0 2 2 0 2 0 2 2 4 4 4 
2 2 2 2 2 2 2 4 2 2 4 2 4 2 2 2 2 2 2 2 2 2 2 4 4 4 4 4 4 4 13 13 13 13 7 6 6 6 6 6 6 6 6 6 9 9 9 9 9 9 5 5 5 5 5 5 11 11 11 11 11 11 11 11 11 11 11 11 11 11 11 11 11 10 10 10 10 10 10 7 7 7 12 12 12 12 2 2 2 2 2 2 4 4 4 2 0 2 2 0 0 2 2 0 2 2 2 4 4 4 4 
2 2 2 0 4 0 0 0 0 2 0 2 0 0 4 0 0 0 0 4 4 6 6 6 6 6 6 6 4 13 9 9 9 9 9 5 5 5 5 5 5 5 11 11 11 11 11 11 11 11 11 11 11 11 11 11 10 10 10 10 10 10 10 10 10 10 10 10 7 7 7 12 12 12 12 2 2 2 2 4 4 4 0 2 2 2 2 2 2 2 2 2 2 2 2 2 4 4 4 
2 2 2 2 2 2 2 2 2 2 4 4 4 4 4 4 4 4 4 4 4 13 13 6 6 6 6 6 6 9 9 9 9 9 9 9 9 7 7 5 5 5 5 5 5 5 11 11 11 11 11 11 11 11 11 11 11 11 11 11 11 10 10 10 10 10 10 10 10 10 3 3 7 3 12 12 12 0 2 4 0 0 0 0 0 0 0 0 0 0 0 0 0 0 0 0 0 0 0 0 0 
2 2 2 2 2 4 0 2 2 2 2 2 2 2 2 2 2 2 2 4 4 13 13 13 13 7 6 6 6 6 6 6 6 6 6 9 9 9 9 9 9 9 8 5 5 5 5 5 5 5 5 11 11 11 11 11 11 11 11 11 11 11 10 10 10 10 1 1 10 1 1 10 11 11 11 12 12 12 2 2 2 4 4 4 0 2 2 2 2 2 0 2 2 2 0 2 2 2 0 2 4 4 4 
2 2 2 4 2 2 2 2 2 2 2 2 2 2 2 4 4 4 4 13 13 13 13 6 6 6 6 6 6 9 9 9 9 9 9 7 5 5 5 5 5 5 5 11 11 11 11 11 11 11 11 11 11 10 10 10 10 10 10 10 10 10 10 10 12 12 12 12 2 2 2 2 2 2 2 4 2 0 0 2 0 2 2 2 2 2 4 4 4 0 4 4 4 
2 2 2 2 2 2 2 2 2 2 4 4 4 4 4 4 4 0 0 0 0 6 6 6 6 6 6 2 4 9 13 13 9 9 9 9 5 5 5 5 5 5 5 5 11 11 11 11 11 11 11 11 11 11 11 11 11 11 11 11 11 11 10 10 10 10 0 12 12 12 2 2 2 2 2 0 4 0 0 0 0 0 0 0 0 0 0 0 0 0 0 2 4 
2 2 2 2 2 2 2 2 2 2 2 2 2 2 2 2 2 4 4 4 6 6 6 6 6 4 13 13 9 9 9 9 9 7 7 5 5 5 5 5 5 5 5 11 11 11 11 11 11 11 11 11 11 11 11 11 11 11 10 10 10 10 10 3 3 12 12 12 12 2 2 2 2 4 4 4 4 4 0 0 0 0 0 0 0 0 0 0 0 0 0 0 4 4 
2 2 2 2 4 2 2 2 2 2 2 2 2 4 4 13 13 13 7 6 6 6 6 6 6 6 4 9 9 9 9 9 9 7 5 5 5 5 5 5 5 11 11 11 11 11 11 11 11 11 11 11 10 10 10 10 10 10 10 10 10 10 10 10 10 7 12 12 12 12 2 2 2 0 0 4 4 0 0 0 0 0 0 0 0 0 0 0 0 2 0 0 0 0 0 0 0 0 0 
2 2 2 4 4 4 0 2 2 0 4 4 4 4 4 0 0 0 2 2 6 6 2 4 4 4 1 1 0 2 2 2 2 2 2 2 4 0 0 4 13 13 13 13 6 6 6 6 6 6 6 6 6 6 6 6 6 6 6 6 1 9 9 9 9 9 9 8 8 7 7 5 5 5 5 5 5 5 11 11 11 11 11 11 11 11 11 11 11 11 11 11 11 11 0 0 10 10 10 10 10 7 7 7 7 7 12 12 12 12 2 2 0 0 2 2 2 0 0 0 0 2 2 0 2 2 2 2 0 0 0 0 2 4 4 4 
2 2 0 4 0 0 0 0 0 2 0 2 2 2 4 4 4 4 4 4 13 13 13 6 6 6 6 6 6 6 6 9 9 9 9 9 9 9 9 5 5 5 5 5 5 5 5 11 11 11 11 11 11 11 11 11 11 11 11 11 11 11 11 11 11 10 10 10 10 10 10 10 10 10 10 10 10 7 7 3 3 12 12 12 12 3 0 0 2 2 0 0 0 0 2 2 0 0 0 0 0 0 0 0 0 0 0 0 0 2 2 0 0 0 0 2 2 2 2 0 0 2 2 2 2 2 4 4 4 2 2 2 2 2 2 2 2 2 2 4 4 4 4 2 2 2 2 2 4 4 0 0 0 0 0 0 2 2 2 0 0 0 0 2 2 4 4 4 
2 2 2 4 2 2 2 2 2 2 2 2 2 2 2 4 4 4 13 13 13 13 6 6 6 6 6 6 6 9 9 9 9 9 9 5 5 5 5 5 5 5 11 11 11 11 11 11 11 11 11 11 11 10 10 10 10 10 10 10 10 10 10 7 7 12 12 12 2 2 2 4 2 0 0 2 0 4 0 0 0 2 2 2 0 0 2 2 2 2 4 4 4 
0 0 0 2 2 2 2 2 2 2 2 2 2 2 2 2 4 2 2 2 2 2 2 4 4 4 4 4 4 4 13 13 13 9 9 9 9 9 9 9 5 5 5 5 5 5 8 11 3 3 3 11 11 11 11 11 11 11 0 10 10 10 10 10 10 10 10 10 10 10 12 12 12 12 2 4 4 13 4 0 0 0 0 0 0 0 0 0 0 0 0 0 0 0 0 0 0 0 0 0 0 0 0 0 
2 2 2 2 2 2 2 2 2 2 2 2 2 4 4 4 4 4 4 4 6 6 6 6 6 6 1 9 9 9 9 9 9 5 5 5 5 5 5 5 11 11 11 11 11 11 11 11 11 11 11 11 11 11 7 10 10 7 12 12 12 12 12 2 2 4 4 0 0 0 0 0 0 4 0 0 0 0 2 2 2 2 4 4 4 
2 2 2 2 2 2 2 2 2 4 4 4 4 4 4 2 4 4 4 6 6 6 6 6 6 2 4 13 13 13 9 9 9 9 9 9 7 7 7 5 5 5 5 8 8 10 7 1 7 8 11 11 11 11 11 11 0 0 0 0 0 0 10 10 10 10 10 10 10 10 7 7 7 7 7 12 12 12 12 2 2 2 0 2 2 0 4 0 0 0 0 0 0 2 2 0 0 2 0 0 4 4 
2 2 2 2 2 2 2 2 2 2 2 2 2 2 2 2 4 4 4 0 0 2 2 2 2 4 2 4 4 4 13 13 13 13 7 7 7 6 6 6 6 6 6 6 9 9 9 9 9 9 9 9 7 7 5 5 5 5 5 5 5 11 11 11 11 11 11 11 11 11 11 11 11 11 11 0 11 0 0 0 10 0 10 10 10 10 10 10 7 7 7 12 12 12 12 2 2 2 2 2 2 2 2 2 2 2 4 4 4 4 4 4 4 4 4 4 4 
2 2 2 2 2 2 2 2 2 0 0 0 2 2 2 2 2 4 4 4 4 4 0 0 0 0 0 0 0 2 2 2 0 4 13 13 13 13 13 7 6 6 6 6 6 6 6 9 9 9 9 9 8 5 5 5 5 5 5 11 11 11 10 3 3 11 11 11 11 11 11 11 11 11 10 10 10 10 3 7 7 7 12 12 12 12 12 2 2 2 2 2 2 2 2 2 2 2 2 2 2 2 2 2 2 4 4 4 
2 2 2 0 2 2 2 2 2 2 2 2 2 2 2 2 2 2 2 2 2 2 4 4 4 4 4 4 13 13 6 6 6 6 6 6 9 9 9 9 9 9 9 9 9 5 5 5 5 5 5 8 11 11 11 11 11 11 11 11 11 11 10 10 10 10 10 10 10 10 10 10 10 7 7 7 12 12 12 12 2 2 2 4 4 4 0 0 0 0 0 0 0 2 0 2 2 0 0 0 2 4 4 4 
2 2 2 2 2 2 4 2 2 0 2 2 2 0 2 2 2 4 4 13 13 13 6 6 6 6 6 6 9 9 9 9 9 9 9 9 5 5 5 5 5 5 5 5 5 5 5 11 11 11 11 11 11 11 11 11 11 11 11 11 10 10 10 10 10 10 10 10 10 10 10 10 10 10 10 10 10 7 7 8 12 12 12 12 12 12 2 2 2 2 2 4 2 2 2 2 2 4 4 4 0 0 2 2 2 0 4 4 0 4 0 0 
