-12.287	-8.1903
-9.3435	13.983
-15.532	2.247
-1.6336	10.697
-15.459	1.523
7.0266	9.605
-11.245	12.032
-3.4172	-7.3721
7.2597	-11.213
-4.3996	9.9258
-11.652	12.075
6.2565	-11.773
-9.2527	0.384
0.7906	-7.7051
1.4033	11.456
-3.8556	-7.1382
11.586	4.4993
2.3201	5.1658
-9.3641	13.918
2.3286	-13.675
0.7708	-14.082
-2.3232	10.668
6.0082	10.066
0.9459	-13.845
8.0304	9.0729
-4.3109	9.5695
-3.293	-13.901
-15.569	-0.98794
9.0029	8.2066
5.8674	10.147
-9.1609	0.75564
-3.2746	-7.2244
10.761	-7.2518
6.8514	9.6721
11.698	-6.1867
12.754	-1.4085
-2.5774	-14.026
-15.634	2.2683
3.0688	-13.272
12.929	-0.645
-11.349	-9.2835
12.182	2.8715
10.894	6.082
-9.556	13.432
10.319	-8.4098
12.613	-3.8917
-10.229	13.217
12.651	-1.4439
1.4279	-13.813
-10.591	13.013
-8.3671	14.71
-6.3901	7.8848
11.952	-4.8888
-11.611	-8.7086
-3.5774	-13.864
-5.1388	-13.026
-9.3119	2.2452
-8.0098	14.605
-6.2257	15.803
-13.186	9.629
-15.373	0.45189
-14.911	-2.7997
-10.665	12.222
-15.223	5.2044
-3.0688	10.574
-12.915	-6.7813
-9.3147	-0.41428
-13.85	8.2772
-8.5135	-11.844
10.706	6.3091
-15.245	0.66874
0.66547	-7.4461
-1.4535	-7.7631
11.614	-6.245
-9.3015	2.7908
-15.292	0.52613
-8.355	14.633
-14.736	-3.6058
-12.863	10.025
-15.271	4.4441
3.8516	10.974
-6.3868	8.1304
-7.4784	-12.46
2.3852	-7.2593
-10.096	13.344
-11.638	11.911
-11.998	11.093
-9.3743	1.9349
8.5038	-10.607
6.3145	-2.3059
0.80727	-7.6353
4.7502	3.3272
1.5268	-13.623
4.7836	-5.3928
12.286	-4.0296
-8.131	-3.3606
-10.784	12.432
5.6605	-4.0186
5.5551	-3.8856
1.187	-7.5591
13.057	0.22044
0.31187	-7.5287
-8.9636	14.147
11.692	4.992
7.1113	-11.518
-5.7518	16.152
-15.616	2.4426
10.606	-8.2803
-1.1134	10.834
9.0985	-10.119
-14.894	-3.3104
4.825	-5.0311
11.584	5.1545
-7.0664	-12.219
9.6826	-9.0539
-7.7344	6.5881
-5.8324	8.5234
12.722	1.5896
12.47	-4.0873
-5.1843	8.9387
3.8335	4.0395
6.6662	-1.1721
-11.852	-9.1329
-10.53	-10.328
-14.42	6.6745
4.1673	-6.0557
6.6592	-0.1425
12.551	2.6624
-9.1665	14.088
-12.106	-8.5736
-1.5009	10.739
-2.8542	-13.703
-0.3878	4.9857
5.4933	-12.493
-12.555	-8.1322
6.3757	0.92574
-14.43	-3.7141
-12.368	10.784
4.7195	-13.101
12.494	-4.4964
-8.2256	-3.4737
3.5829	-13.018
-8.0255	-3.5637
-1.1546	11.217
8.1637	-10.641
6.0912	10.261
-4.3656	9.9207
-9.0609	-0.42617
3.3238	-6.4532
8.0729	-10.519
-7.9435	-3.9217
-12.878	10.499
9.9446	7.1081
-1.5392	11.045
3.5123	-6.5591
1.5545	11.175
4.6244	-5.8495
-15.674	2.4836
-13.827	-5.2244
-2.2814	-7.7008
6.0239	-3.9027
-8.3687	-11.754
-11.555	-8.6701
2.3523	-7.2703
-12.556	-7.9866
-6.5536	8.2107
-15.487	3.1798
-5.8534	-5.6864
2.829	4.5236
10.758	6.4571
0.029412	-7.4954
-8.4824	4.6739
10.719	-7.8335
-8.1429	-2.527
-6.2971	15.824
-9.6612	13.228
11.86	-6.1362
-6.193	8.6367
-15.329	-0.59276
11.473	-6.0715
6.8586	-11.568
12.29	-3.7937
-15.593	0.71288
-13.144	-7.3715
-15.618	3.037
-13.703	-5.8578
-8.9258	-0.56713
-4.0797	9.8292
-14.973	5.6372
-3.6782	10.268
-5.2683	-13.027
8.8796	8.3979
4.0069	10.811
12.523	1.4488
-11.662	11.486
-9.0993	1.0345
7.0352	-11.48
-13.113	-6.635
2.5006	-13.449
-7.8289	14.926
1.46	-13.938
-0.11997	-7.6879
7.1868	-11.25
-0.74133	11.199
12.875	-2.3866
2.4683	-13.346
-15.372	1.2561
-9.0032	-11.249
-12.167	11.514
-11.151	-9.4932
-0.89141	10.972
-7.4906	-12.414
11.109	-7.2052
1.4878	4.7967
-11.188	12.004
9.6813	-9.4149
-15.266	4.5996
-14.243	-5.2515
-0.59665	11.205
-12.933	10.36
-2.7704	-13.915
-8.9009	0.064841
8.5664	-10.653
4.4779	3.6257
-8.2777	-2.9447
-10.861	-9.7719
-14.885	-3.7735
6.3087	1.5673
-8.898	3.2959
-0.75694	-13.717
8.5882	-10.491
1.4315	-13.833
7.3274	9.5699
-14.418	-4.2231
11.491	-6.8004
-3.843	10.298
-4.9563	9.6077
3.7076	4.5109
-9.131	3.5001
-13.161	-7.1396
-9.2695	1.4369
12.453	-4.0444
-15.216	-1.9187
-1.3867	-14.023
-6.6454	15.671
3.14	11.161
-14.739	6.0323
-0.79728	-14.087
3.4895	-6.2406
12.338	3.6404
-15.023	4.5291
-13.721	-5.5794
6.2651	10.294
-11.406	12.315
-5.6687	-12.921
-11.101	-9.4504
-0.79663	11.021
-9.7142	13.678
2.2464	-7.0239
-9.1871	13.868
1.2222	11.208
-2.6069	-13.969
-4.1179	-13.494
-8.38	-3.0747
-9.2092	-0.17891
4.2628	-12.826
-10.353	13.368
5.202	-12.89
1.8706	11.183
-15.231	2.2715
3.814	11.021
-9.7892	-10.541
-8.9837	-0.81703
-4.1194	10.01
5.8929	-12.391
3.2404	-13.186
5.4592	10.295
-2.409	10.543
7.6158	-11.29
12.988	-2.1314
0.39457	-13.97
-8.2512	14.71
2.533	-6.772
-11.761	-8.423
-15.469	-1.0273
12.722	-2.5093
-10.875	12.479
4.3043	-13.034
-14.522	-4.0438
-0.86204	-7.6723
-9.0359	3.0228
-2.9517	-13.693
-6.2514	-5.5323
4.3446	-12.911
-10.905	-9.6577
3.7141	11.023
-7.0251	-4.4965
3.4434	4.3144
-10.138	13.084
-9.3624	0.0030947
-15.672	-0.1774
-1.7441	-7.3667
-9.6137	-10.867
12.184	-4.705
6.3912	9.8048
-7.383	15.024
-7.9656	6.3889
-6.6507	15.71
-1.0229	4.7747
-8.9914	0.56736
3.1092	-6.6527
-9.375	2.5317
12.608	1.3795
-10.404	-9.9294
10.182	-8.4527
-9.3182	14.19
-1.156	-7.7519
-13.997	8.0301
11.165	-7.6055
12.289	2.2873
-9.0705	3.0914
-14.52	6.5861
-6.8972	15.283
-14.232	6.9841
-15.475	2.2945
6.5821	9.8856
-10.824	12.553
-6.0606	-12.875
-15.216	4.3286
-6.9176	7.4406
5.2828	-4.8188
-7.8038	6.1629
-14.959	4.9643
-8.9219	-0.56026
-1.9154	4.0538
-6.2605	-13.1
-2.6288	-7.5061
-8.6892	-11.654
-4.2432	-6.9611
-9.396	13.824
10.175	-8.507
-9.2424	-11.367
5.7171	-4.1239
3.9631	4.3743
9.1877	7.8643
8.1009	8.7237
5.8452	2.0551
-8.8551	14.35
-15.581	2.5294
-9.0191	-0.96261
-8.7658	-11.348
11.947	-5.7008
6.1321	10
7.5255	9.0629
-14.541	-4.3242
-8.3748	-2.6224
11.875	4.1927
-0.45654	-13.735
11.716	-5.8774
10.576	6.4121
-4.1248	9.7597
0.81569	-7.347
-3.194	-13.491
-4.0281	10.031
-9.5335	13.653
12.59	1.5008
-11.578	-8.7243
-13.15	9.0676
4.1503	-5.6844
-11.043	-9.5697
-4.881	-6.3158
6.3453	-3.21
-13.228	9.8517
9.7553	-9.3424
0.27146	11.311
11.192	5.1329
-9.3894	2.7763
10.287	6.9271
-0.33404	4.7705
-4.6967	-13.047
-7.8411	14.696
-2.2984	10.524
0.59402	11.098
-15.654	2.4322
7.5795	-11.338
3.5123	10.86
-15.315	-2.0131
11.726	4.0626
-13.737	-5.9513
-6.0229	8.3623
-9.2557	13.775
-10.546	-10.057
2.7001	-6.985
-2.8154	-7.6313
6.6161	9.8087
1.7797	-13.826
-12.728	9.8322
-1.8687	10.713
6.3221	0.70989
-0.6029	11.152
-2.622	10.305
-4.2735	9.6935
6.3659	-2.8164
-15.578	1.6869
-3.7712	9.832
12.413	2.1247
1.4114	11.078
-11.361	-9.2466
6.7399	0.20028
6.8189	-0.45528
-4.731	-13.543
2.5589	4.8231
-13.895	-4.8524
12.281	-5.2725
11.737	4.3468
8.5097	8.5529
-6.1262	-12.762
-9.0807	3.9816
-6.472	-5.0758
11.225	4.8187
4.2287	10.677
-6.9294	-5.0313
-9.2845	2.1282
9.904	-8.794
-9.061	1.5465
-8.321	-2.2805
-7.9872	14.518
-14.656	6.8562
9.8458	7.4556
-14.798	-3.6898
12.047	3.4911
-13.754	-5.6705
-15.275	-2.0998
9.6048	-9.067
3.1442	-13.354
5.5194	-12.494
-4.506	-13.565
2.8491	11.22
11.68	-5.6519
5.7746	10.454
8.2634	8.9973
-7.9987	-3.1049
-8.2406	5.4195
4.0359	-5.9804
-6.8269	7.2713
-9.0272	1.5124
-8.6061	-1.6984
-15.168	4.315
-8.5099	5.1903
9.1499	-9.7839
-9.2262	0.69199
-8.8706	14.204
-4.5977	-6.6497
-0.39314	-7.4244
-10.43	-10.189
-4.4295	9.651
-2.0549	-13.621
4.9248	-12.523
-12.646	-7.8494
0.4323	-7.4225
-2.694	-13.868
12.752	1.6046
-3.6404	9.9007
5.2149	-4.7216
11.035	-7.7018
11.771	4.5186
4.629	10.925
9.6335	-9.4224
12.526	1.1902
-8.2988	-2.8225
-2.1717	3.4145
-14.155	-4.9539
-11.181	12.408
0.011463	-14.119
-6.2943	-12.594
0.7061	11.174
-6.52	15.79
-6.245	8.3454
-15.634	-0.13886
-12.588	-7.7794
1.9163	-13.417
11.94	4.0652
-6.2792	15.966
-11.041	-9.6533
-15.516	-1.0645
-11.374	12.243
-2.0855	10.643
7.5813	-11.119
12.164	-4.6695
-13.733	8.6324
-6.3694	15.952
-1.558	-7.4445
0.087131	11.157
-9.3722	13.657
-8.4001	14.535
1.3471	11.283
4.093	10.831
7.7925	9.2127
-8.2426	-11.745
10.582	6.3412
-14.073	7.5836
-9.4413	-11.123
5.9031	-3.9085
1.8293	-7.3626
6.9374	9.5161
1.3007	11.058
-15.667	2.8545
-14.508	6.886
6.2703	1.8227
-8.129	5.9677
-1.7004	-13.904
-6.783	7.254
-5.885	16.124
2.0129	-7.2465
4.5734	-12.998
10.439	-8.2569
-3.5611	9.9929
-12.862	-6.9797
12.341	-3.5692
5.7205	2.6664
-7.3944	-4.2728
-6.0573	-12.934
-7.0689	-5.0658
8.5601	8.4384
11.022	-7.3983
-10.401	13.265
-11.11	-9.8198
-11.187	-9.538
-7.0601	7.6834
-5.983	8.6917
12.697	0.82209
6.1373	-12.359
-6.9422	-12.657
-1.7799	-14.007
-5.7693	8.5929
-2.7147	2.7633
8.9498	8.3305
-4.4968	9.7592
0.92412	-7.4956
-1.6988	-13.829
8.6103	-10.243
-2.5551	10.601
2.4939	11.242
1.9076	5.0759
-6.4914	7.6045
-13.603	9.1589
-8.551	14.669
-9.2323	1.3413
-8.4224	4.946
-3.081	-13.689
-14.019	7.7092
6.6713	9.8244
12.738	-0.62913
-8.7733	4.5677
-14.752	5.1734
-13.068	9.929
-14.855	-2.8835
-14.761	6.4274
2.9194	4.9463
6.5838	-0.80336
9.1258	-9.7488
11.63	-6.1487
6.6831	-2.1982
-5.3236	-6.0685
-15.488	3.2508
-11.981	-8.63
-8.5586	4.264
-10.116	12.973
-13.966	8.3004
-9.0455	0.03601
-0.75574	10.923
11.604	-5.989
-0.66345	10.951
-8.1767	-12.141
6.3706	-2.4535
-15.709	1.5067
-13.433	9.1987
6.5206	-0.043557
-13.694	9.0539
-3.6863	-7.2319
2.6796	-6.5159
-13.965	-5.5577
-8.8328	-1.4121
11.977	4.2318
-8.5233	14.182
-3.4339	10.5
-9.238	1.3853
3.2745	10.843
12.311	2.2426
2.3033	-7.14
1.9322	4.9624
0.16715	4.9401
-15.297	3.0502
-15.671	1.1162
-15.673	0.38804
2.9355	-13.424
-15.078	-2.4089
-14.376	6.5346
-15.182	3.8149
-6.1072	-5.7667
-6.3284	-12.782
-15.018	5.7537
-2.8697	-7.2641
4.897	-12.951
8.1884	-10.564
-5.224	9.0523
12.766	-3.4847
-7.6552	6.3905
-12.921	-7.5667
8.4136	-10.607
-5.2646	-6.3691
-6.1072	-5.6313
-10.992	-9.6794
0.36549	-13.771
1.4034	-13.51
-3.3949	-7.0735
-2.0968	3.9448
-9.3732	13.67
12.568	2.1736
-7.3824	15.403
-7.8582	5.9994
0.93049	-7.4906
12.945	-0.89014
-8.4955	14.308
-7.4421	6.9795
11.982	-4.7183
-9.2904	0.82721
-7.4672	-12.489
8.6789	-10.387
-0.92536	-7.4267
11.771	-5.7389
-14.983	-3.059
-10.555	-9.7395
9.678	-9.1519
1.4931	11.109
-6.7394	15.561
3.9659	-6.1813
12.631	1.9831
-8.0952	-3.0684
4.7162	-5.4698
7.2012	-11.529
-9.3716	2.4226
-13.687	-5.9686
3.1147	11.283
-3.3114	-13.79
-10.794	12.94
12.341	3.0286
-12.211	-8.2494
-6.7581	-12.569
-13.094	-6.8718
-8.5704	-2.1096
12.787	0.1798
-1.3217	-7.7208
-6.3557	-12.867
-9.6163	-10.893
-15.058	4.4563
11.778	4.2755
3.9719	11.141
0.62379	11.312
-8.6915	4.6326
12.763	-0.22146
-5.9302	-5.9404
6.1498	10.1
10.833	-7.6307
-6.8811	-5.3112
2.6947	-6.6703
9.5539	-9.6409
-0.29899	-14.092
-11.87	-8.4894
-7.1044	-4.6247
-15.43	-1.1378
-13.124	10.097
-6.0278	16.252
6.4151	10.139
12.11	-5.6633
-5.3444	9.3528
-1.1188	11.266
-6.0763	-12.712
-6.9844	7.8158
-14.709	6.364
-7.5413	-3.8878
5.8576	-12.207
-6.2645	8.4826
-5.1988	-13.466
-15.096	-1.1804
3.5523	-6.4478
-13.708	9.006
-15.318	0.18313
-0.9986	11.273
-7.4792	6.9518
-14.17	7.9432
-15.004	-3.4556
-8.0453	-2.9184
-6.7473	-12.656
-5.9568	8.0928
-13.966	8.1065
-14.964	-2.0889
-14.588	-3.3184
3.5388	10.973
2.275	11.201
-7.7902	14.78
-2.9178	10.271
1.3569	11.159
-3.1215	-7.3919
1.5722	11.14
-15.274	2.4206
-14.004	7.9383
-7.6462	-4.0684
-3.1489	-13.516
-3.0009	-13.895
-0.027809	10.991
-8.0034	-12.223
11.908	-5.5754
8.5614	-10.291
6.5341	10.19
6.4449	-0.24632
-7.0664	7.3906
10.335	6.6445
-1.9679	11.007
2.5504	-7.0959
-15.181	-1.3758
7.788	-11.061
10.751	5.908
-4.6815	9.4643
12.45	3.1695
-14.087	-4.7262
-5.3738	-13.151
-5.8179	16.004
-0.12385	-13.971
-1.4637	-13.945
4.5244	-13.071
-10.707	12.698
-1.2824	10.697
-14.525	-3.7271
7.5591	9.2427
-14.438	-4.636
12.726	2.0711
3.2886	-13.094
0.72921	-13.93
-6.098	8.1954
3.552	-13.389
-9.2029	2.9378
12.318	-4.9382
5.9646	9.9962
-8.836	14.429
-8.5512	14.492
4.0965	4.3599
-8.0436	-11.705
-12.535	-7.891
-5.6316	16.382
-0.54907	4.8022
-5.91	8.4798
6.7448	-1.9897
-14.708	-3.4767
-7.1043	-12.299
-2.5489	-7.411
11.477	-6.4109
-10.798	12.316
1.1605	-13.898
-8.9925	14.213
-10.798	12.583
-15.354	-1.5278
-7.9458	-12.186
-6.2747	15.919
6.5297	-0.9248
-15.511	1.3934
10.578	-8.1963
-7.8091	6.5522
-10.734	12.621
4.8536	-12.554
12.655	2.017
-5.3313	-13.217
3.6671	11.144
3.9827	4.1556
-3.7291	-7.017
2.2918	-13.447
-5.9211	8.6671
12.062	-4.7189
-13.754	8.8388
-8.98	-1.6048
-10.89	12.458
-7.7896	6.3737
-0.18723	-7.6987
-4.344	9.9213
-0.089515	-13.808
-7.6938	15.181
-15.31	2.492
13.027	0.1787
-15.539	3.8374
-1.4105	10.898
-7.6045	6.8054
-15.157	5.0404
2.6484	-6.648
-11.622	-9.0454
-10.54	-9.8724
6.3156	1.6121
5.3898	10.679
-3.0311	10.458
-15.599	0.070181
-11.819	-8.7994
-14.267	7.2157
-13.628	-6.3329
-10.112	12.901
4.7525	-5.1471
12.839	1.7052
12.755	2.135
8.8315	-10.331
-14.182	-5.4153
-9.1203	1.7179
1.1227	-7.2331
-14.751	5.3677
-14.092	7.1625
7.848	9.1619
12.215	-4.0083
10.372	6.5482
9.6797	7.6731
9.1966	-9.6498
-9.7433	13.422
-5.7556	-5.996
-4.8881	-13.267
-1.2444	4.4009
2.498	-6.9824
-12.394	-8.0519
-3.2301	10.214
-5.9417	16.1
-1.6948	-7.5015
6.4095	-2.2969
3.6384	11.08
6.2544	-2.5622
-8.6809	-1.3807
-14.896	-2.4383
-8.8693	-1.4499
11.219	5.3961
-1.085	11.101
-14.571	5.9588
-0.29201	-13.819
-9.5928	13.681
-6.5592	-5.2432
-1.5654	10.687
0.21148	-7.7344
-10.03	-10.685
5.0113	-12.657
-7.6912	6.8442
1.1821	5.1943
-6.7183	-5.0059
-14.383	-5.0351
-9.2018	-0.7743
-6.5761	-5.584
-4.0976	-7.0403
7.1091	-11.353
-8.2604	-11.902
6.1981	-3.0274
-15.599	0.047039
12.788	-3.3373
10.346	7.0461
4.8798	-4.7598
8.9092	8.2049
12.476	2.4505
-15.393	-0.28726
-0.79577	11.126
4.9498	-5.0563
-13.135	-7.4414
0.17153	11.283
-6.6825	-4.7205
3.9839	-12.945
11.605	4.6897
-6.4632	15.883
12.453	-4.0258
-9.1576	1.5459
11.982	-5.1159
-11.145	-9.414
-5.9726	-12.769
-11.495	11.637
-15.27	2.5781
-15.437	-0.2671
-1.5306	-13.711
-7.5308	15.027
11.983	-4.8236
-13.24	-6.8667
-10.965	-9.2311
-0.58659	-13.896
-9.1363	1.2688
4.9758	-12.722
5.5678	-12.201
-8.7412	-0.72899
10.126	7.1508
-15.299	-2.3965
12.674	-2.7542
-13.809	-5.4386
-8.9422	3.2293
-12.782	-7.4532
12.189	4.096
-0.84095	4.6264
5.4515	-12.537
-3.5826	10.479
5.8115	-4.0366
-15.321	1.0508
4.7408	-12.524
5.5486	2.7087
-3.7841	-13.492
-7.859	-3.6641
-13.314	9.1317
5.8877	2.047
-13.622	9.2094
-1.5472	10.735
3.8276	-13.19
6.3143	-2.8483
-6.3913	-5.196
0.49322	-14.035
-6.6392	15.656
-9.8595	-10.787
-13.248	9.2367
12.508	-2.7421
10.682	6.3041
-7.6269	-4.001
-0.54451	11.304
-6.9205	-4.823
-11.977	11.07
5.5909	2.4914
-8.5545	4.4436
-3.3725	-13.859
-7.1376	7.2013
11.851	-5.4887
12.62	2.413
-9.7128	13.268
-6.9759	-4.8064
-9.2363	-0.49924
10.092	-8.6377
6.293	-2.8545
-13.876	-5.599
-9.85	-10.659
-15.65	0.79623
-6.1868	-5.6343
12.357	-4.5962
9.8279	7.5589
-8.8339	14.238
-5.1889	-6.5349
-7.7704	6.401
-10.983	-9.3933
-2.4837	10.677
-5.6154	-6.3734
-8.3754	-2.6525
12.63	-2.9836
-8.1333	5.6207
-2.9527	-7.3218
10.087	7.26
10.274	6.2738
-4.9674	-6.7098
-1.1964	-13.98
5.2676	2.7567
11.17	5.8536
-0.94514	-13.817
5.4603	-12.512
-0.75786	-7.8839
-15.397	1.2452
2.3621	-13.454
1.2208	-7.4613
-14.551	6.3483
-10.988	-9.7537
-8.2082	-3.079
-13.415	9.0484
11.637	4.1315
2.3732	11.127
-14.107	7.9095
0.44112	-7.7915
12.324	2.5817
6.5686	-0.62278
-9.4069	0.74766
-8.4504	-11.666
12.729	-1.8592
-8.8742	-0.35909
-1.6544	4.3714
-15.152	-2.366
0.48641	-7.3469
2.9188	11.071
-8.9957	2.4157
3.8772	-5.9783
-8.7136	-11.861
12.527	2.7746
-6.6037	15.874
12.096	-5.4186
5.2277	3.2045
-8.383	4.7954
12.093	-4.5875
0.43093	-7.349
-8.8006	4.4671
-6.1029	-12.591
-15.333	4.4409
2.5521	11.366
-14.79	-2.9877
-8.4425	-11.758
6.3561	9.7394
10.58	-7.7044
-6.9883	-12.637
7.8478	8.9356
10.998	5.9166
2.7079	-6.9245
-14.12	-5.3952
-12.044	-8.8811
-4.4715	9.6363
12.05	4.1511
4.8061	-5.1508
5.1538	-4.4465
-10.93	12.589
-4.9266	-13.324
0.06794	-7.4478
-8.1616	14.749
-0.84022	11.04
5.7453	-3.4925
-14.864	-3.23
-3.9483	-7.0458
-5.8299	16.044
-2.4796	-13.991
-5.175	8.8977
-9.0066	0.1413
3.6128	11.167
-8.977	-1.7773
5.4006	10.473
5.1248	-4.493
10.514	6.5308
-9.6446	13.899
-15.35	-0.96735
9.0449	-9.9989
-3.963	-13.677
3.2397	-6.3341
10.455	-8.2005
12.172	3.4199
0.013914	-13.701
-2.7042	-7.4644
12.022	3.4235
-7.7805	5.9302
-4.7334	-13.407
12.508	1.5822
-15.334	2.4159
-8.9886	0.35933
-5.7846	8.6077
-2.4852	-7.4343
-8.8859	-1.3756
12.829	1.697
-6.8208	-12.372
2.5864	-6.8135
5.8555	-4.049
-14.634	-3.6583
-8.3116	-11.767
3.0022	4.8887
-6.7228	15.807
11.581	5.1655
2.2293	-13.458
-7.7993	6.2033
-7.0956	7.1797
3.3368	11.087
4.8603	3.1699
-15.325	-1.8316
0.50505	5.0932
2.5281	-13.781
-9.4579	1.0962
-15.542	1.1291
1.5993	11.362
-10.154	-10.487
-10.109	-10.426
-8.9333	3.1495
-9.5613	-11.018
-13.375	-6.9189
12.484	2.2099
-14.601	-3.8244
-8.8465	4.7378
-3.2165	-7.0466
-15.411	2.3525
4.2077	-12.989
5.4559	-4.7764
-8.9693	-11.075
-10.912	12.023
-8.4407	5.452
-5.1576	-13.245
9.3419	-10.008
12.288	-3.9836
-12.463	-7.7533
5.483	2.8267
-1.1074	-13.726
-0.50446	4.7653
-4.4641	9.683
9.1803	-9.7133
-5.8003	8.4523
-2.8899	-13.507
-8.845	-1.179
-7.5363	-11.98
12.384	-4.1355
0.36803	-14.124
9.0119	-9.5929
-5.9943	-13.04
-5.8347	-5.7754
8.4735	8.825
3.0889	-13.624
4.0614	-5.9849
-15.598	-0.4415
-13.479	9.2607
0.5809	-13.714
-15.556	-1.0057
-2.7024	10.342
-2.2089	3.7747
-11.312	12.341
-10.277	-10.492
11.324	-6.5092
-13.14	9.6279
-8.9838	2.8338
13.004	-1.2134
12.54	-4.479
-8.5972	4.4027
9.1736	-9.7236
-8.0498	-11.744
7.5383	-11.519
-14.433	-4.1802
-7.8787	-3.6552
-5.4898	-6.3574
11.867	-6.1858
-14.655	-3.3894
-9.0449	1.6435
9.2519	-9.8773
-13.044	-6.9541
-6.2378	-5.3207
12.95	0.84682
11.598	-6.4523
-8.4972	14.811
-3.0483	-13.76
-9.058	14.072
-3.6687	-13.497
-8.9714	2.533
-15.674	2.1673
-8.9867	-0.68946
7.5076	9.3412
2.4995	5.0208
-15.077	3.7955
12.616	-0.4015
4.9348	10.663
-15.459	3.1583
8.2775	8.9776
1.6414	11.451
1.0936	-13.547
-2.9818	-13.903
10.254	-8.5872
7.5442	-11.227
-6.6965	7.8013
-14.598	-3.8342
-14.282	7.2212
-14.762	6.4765
-9.7774	-10.594
3.865	-6.005
-5.1889	-5.9994
-9.0407	0.47128
0.21976	11.17
5.7652	2.7148
5.0901	-12.478
-9.131	3.656
-1.8229	10.747
-3.5438	-7.0201
-2.9324	-7.362
5.1381	-4.8218
-3.9394	-13.363
-4.0193	-13.609
6.3443	0.60393
-8.5341	-2.2889
-0.9263	11.091
-1.649	10.928
-7.1305	7.3403
-5.7867	-12.901
10.509	-7.8705
4.5019	11.033
12.598	0.99335
2.6635	-13.66
5.8258	-3.882
-5.815	8.81
-9.348	0.70537
10.461	-8.3816
-3.7992	-13.501
-15.038	-1.4146
-8.6275	4.3331
-8.9985	4.0135
0.32657	-13.833
4.2101	-5.6485
11.983	-5.665
0.75153	-7.7822
-8.6436	-2.4494
-9.4424	0.725
-7.6368	-12.157
-2.6325	-13.628
-7.5375	7.0068
-11.416	11.512
11.384	-6.4388
-2.1242	-7.6485
-11.109	12.351
-1.2791	-13.664
12.684	1.3052
9.7057	-9.4253
-10.518	-10.259
-8.8089	-2.0885
-5.8645	8.4153
-15.233	-0.179
8.4669	-10.493
12.171	2.9459
-13.717	-5.7744
0.79124	11.217
1.132	11.359
-15.33	-2.2753
-6.4046	7.6385
-1.1691	-13.799
3.2737	11.17
-3.2382	10.309
-1.7902	-13.915
9.5653	-8.831
-15.439	1.3697
-2.5843	-7.3377
12.652	2.536
-13.876	8.5871
9.8363	-9.3498
-15.38	1.0784
-14.17	-5.0528
12.611	-1.8689
-8.6831	3.5543
-1.9011	-14.056
-14.836	5.0888
-10.603	12.791
-6.2303	15.816
-7.0522	-4.6101
-1.8673	-7.3798
-11.661	-8.7367
-9.2157	13.847
0.68695	-13.93
4.3147	3.9536
-15.17	4.3661
5.6625	-12.257
-15.501	3.5855
11.402	-6.5879
-14.524	-4.3004
5.4045	3.0417
3.7876	4.3841
-14.909	6.1215
-1.0041	-13.784
12.851	-2.0468
-15.326	3.625
6.1025	-2.7426
10.597	-7.9209
3.8207	10.909
5.7352	-4.0899
2.9068	-7.0377
-5.0381	-6.1817
12.461	-3.2748
3.7587	4.2214
-8.4889	-11.516
12.527	-3.8463
11.595	4.8629
-15.549	0.43755
5.6754	10.403
4.464	10.752
11.295	5.6225
-9.0046	-1.0117
-13.073	10.063
-7.5255	15.089
-3.8239	-13.565
-3.4656	-7.0624
-6.0736	-13.121
-4.1755	-13.283
-1.3202	-14.021
-9.0131	0.17756
12.762	0.53124
-8.579	-2.2556
-15.257	4.5085
9.2337	8.0223
-13.823	8.0712
-13.518	8.374
-6.9311	-4.7311
-5.1844	-13.368
-9.0197	-11.375
-8.8321	-0.9311
4.9686	3.5219
-14.513	-4.4016
-13.972	-5.7421
0.4369	-7.2919
5.8248	-4.2083
-0.86014	-7.5577
-7.2148	7.195
5.8643	-12.388
5.7498	2.2167
12.378	3.2488
-8.3473	-2.3353
7.1004	-11.783
-14.498	-4.1829
6.2647	1.0466
12.684	-2.1638
6.5656	-1.6716
-9.136	-1.24
-1.077	4.597
-12.71	10.115
-14.354	7.2989
-6.7519	-5.4091
-4.7901	9.6163
-13.807	-6.1182
-7.6601	-4.0288
12.637	1.1248
-7.9694	5.5466
11.228	-6.5594
2.5516	-7.0145
-7.2215	15.075
3.1579	11.201
10.472	-8.2527
-6.8206	15.513
-5.86	-13.052
-13.001	-7.235
-9.0347	-0.12485
9.8698	-9.4281
-0.043825	11.311
-14.471	-4.8117
-7.9463	6.3908
-12.365	10.768
-15.326	-1.7767
12.829	-2.5168
-14.51	6.7898
-6.9362	-12.539
11.283	-7.0595
-7.5619	-4.3587
-4.26	-13.564
10.25	-8.195
2.4742	-6.9752
4.8644	-12.864
-13.636	-6.4929
-9.2083	2.2468
6.508	-11.795
-15.554	1.2484
-8.9882	14.477
12.615	-0.70019
-11.737	11.474
-0.58089	11.367
-14.31	7.1541
5.5639	-12.439
6.5556	-11.661
5.3541	10.447
-7.3817	15.208
-14.311	7.5839
-2.2672	10.506
-11.082	12.444
-12.326	10.925
-12.014	10.711
-9.2535	0.9081
-14.938	4.2674
3.177	-13.486
-5.1064	-12.99
0.21813	-7.506
-6.4107	15.447
-8.0732	5.9355
5.5008	10.47
-8.7314	3.9689
5.7128	10.31
-13.629	8.0354
12.909	-1.7169
1.4255	-7.5302
-7.1178	7.5759
9.3301	-9.2372
12.651	-1.2552
-8.2882	5.4202
9.2026	-9.7124
1.7888	4.8929
-7.987	-12.04
-15.384	-1.142
1.6471	5.2188
-0.91306	11.006
10.176	-8.6841
8.1957	-10.523
12.369	2.9225
6.2288	1.0083
4.271	10.967
4.0094	-5.925
2.2626	-13.647
6.6781	0.25147
12.354	2.7727
-4.2164	-6.957
9.8016	-8.8746
-8.6046	4.7453
-8.4706	-1.9392
-11.386	-9.206
10.127	-8.5695
7.47	-11.293
-1.4933	3.8556
10.097	-8.6421
12.807	-0.1638
1.6005	-13.792
0.40421	-7.7772
10.991	6.2709
-1.2691	-7.6651
-4.0054	-13.297
4.6146	-5.1681
-6.1462	8.4671
5.5176	-4.0382
-14.612	7.2013
12.103	2.9701
-12.74	9.8937
3.8066	-13.273
3.4576	-6.1698
-15.231	-2.4949
-15.006	5.034
12.264	-3.7971
-3.746	-6.9568
0.57123	-7.4615
-14.943	-1.9695
10.364	-8.7916
12.604	0.062329
-15.409	3.8864
-9.2525	-11.377
-8.8632	2.8656
7.8109	8.9971
4.8145	-12.706
10.854	5.66
-15.541	3.6711
-5.5414	-13.147
-9.3878	1.7419
-7.9848	-11.756
10.038	-8.6326
-14.482	6.449
-6.4835	7.7414
3.8062	10.872
-12.724	-7.9591
-5.0571	9.4039
-14.509	-3.6681
-8.3798	4.9775
-3.1314	-7.0878
9.9007	7.2981
-1.2233	4.4201
-9.8832	-10.688
-8.5038	-11.733
-4.3757	-6.7964
6.1549	9.9137
-6.8745	-5.0659
-4.998	-6.4131
3.2855	-6.5362
-13.849	-5.4143
-5.2523	9.172
12.642	0.82255
0.57058	-7.4212
-6.0603	-5.7727
-8.0474	6.06
-4.9507	-6.3023
6.5521	9.7483
-10.95	-9.3789
-7.0485	-12.168
8.2347	8.8754
6.5338	-0.28675
6.0544	-12.426
4.3707	-5.8173
-8.9477	0.35432
6.4978	9.91
-6.3441	15.775
-12.519	-7.6301
1.9389	11.418
-5.7985	16.093
8.0854	8.6959
-11.531	-8.7031
-0.087561	11.362
5.1999	3.401
-8.6395	4.6124
-3.545	10.259
-7.9658	6.2892
-14.838	-2.9599
10.309	7.0144
13.002	0.83022
-5.4353	-12.944
-6.9521	7.0917
0.47916	-13.732
-5.6288	8.8295
-3.5449	-13.608
-7.2355	-4.708
11.776	-6.2314
2.526	-7.1258
9.8375	-8.9854
9.7277	-9.4881
-11.161	11.704
5.06	3.3194
-9.4188	13.828
-15.077	-2.2264
-9.8183	-10.752
-15.265	4.7587
-7.1459	-12.56
-2.8767	10.332
11.242	5.2091
1.3614	11.141
-8.5883	-2.466
3.2485	11.116
-4.9686	9.1368
5.7259	-12.074
-15.287	-1.6884
-8.5315	5.1153
-14.742	-3.6491
12.652	0.2237
10.615	6.1433
4.3922	-13.088
-10.608	-9.9122
-13.961	7.7026
-5.2662	-13.241
12.426	-3.2783
10.881	5.8513
12.396	2.8986
-12.897	-7.0717
11.051	5.7703
1.5423	11.13
12.31	-5.34
-14.655	7.0411
-3.3498	-13.536
12.522	-3.6087
-10.797	12.576
12.935	-2.2084
12.686	1.9535
-8.1771	15.019
-2.1363	-13.966
-12.039	-8.4529
4.5676	-5.5979
8.5524	8.5511
-14.775	6.5198
-2.1654	10.803
13.025	-2.3335
-7.7956	14.812
-9.4801	-10.773
-1.8101	-7.5653
-11.326	12.101
-8.7444	14.246
5.5171	2.9271
-8.1327	14.882
-14.143	-5.3942
8.8812	8.4148
-8.6979	-1.3101
9.57	-9.3236
2.603	-13.454
2.9658	11.004
-15.301	4.0688
-14.085	7.5118
0.74534	-13.949
2.2928	11.302
-6.5865	7.7373
-15.319	0.83591
-1.5268	-13.876
1.9754	-13.435
-12.744	-7.6003
11.736	4.0019
9.9372	7.4916
1.5984	-13.779
11.592	-5.7833
7.7874	-11.366
-7.4889	6.8248
-15.454	3.721
-12.635	10.368
-15.093	-2.6947
9.1157	8.3854
12.283	-4.2608
-15.066	-3.0872
-6.9668	7.5179
-3.4694	-6.9791
-15.443	-1.5132
-4.5297	-13.403
-9.1037	3.796
-6.5373	15.86
8.4403	8.4567
6.5269	-2.495
12.953	-2.2481
-11.276	-8.9458
-5.435	-13.105
-12.299	-8.585
10.438	-8.23
12.83	-0.94786
4.1265	11.072
4.0181	10.941
12.244	2.145
4.3133	-12.817
-6.89	7.4145
-14.236	-4.3479
7.1656	9.6152
-6.4987	-12.906
5.6466	-4.3626
-10.784	12.682
5.861	-12.108
0.077708	11.145
12.837	0.6124
6.6946	-12.058
6.7096	-11.702
-15.299	-0.087913
5.7004	-12.605
-9.2611	-11.41
11.56	-6.0264
-2.4199	10.746
0.37011	-14.094
-11.227	-9.8885
-2.5714	-13.633
5.4672	10.68
0.74869	4.9896
9.6486	-9.6566
-9.029	0.9462
-3.9205	-7.1502
-13.995	-5.254
10.423	7.0669
6.3898	9.8585
-8.9339	-0.42557
3.9351	10.799
-5.9824	-5.6795
-15.079	3.865
-12.196	-7.8918
-15.559	0.92897
-5.7747	16.083
3.2601	-13.431
6.6002	-0.91497
-7.3247	-4.5674
0.63278	-13.649
-12.558	10.029
-9.1124	2.5937
6.4734	-2.2251
-6.6625	7.9054
-4.4129	10.042
-8.6738	14.348
12.612	-4.0953
3.7894	-6.0769
11.735	4.1967
-0.25989	11.256
-11.584	-8.6677
6.6465	-11.952
11.384	-6.7752
9.858	-8.9362
9.7121	7.5907
-15.24	3.0583
-9.3674	2.0902
11.32	5.2956
-5.994	8.3178
9.0449	-9.7434
-13.889	-5.5674
-4.82	9.2152
-0.082525	11.447
-12.799	10.147
4.2493	11.084
9.2923	-9.5797
-14.306	7.6751
12.708	-1.1775
-8.9038	4.0371
8.463	8.8466
10.554	-8.1309
-13.927	-6.0797
-9.0405	-1.0832
-15.251	-1.6975
4.0057	-6.1549
-6.9257	-12.66
-13.502	8.9267
-8.2114	-2.7427
-7.8223	14.801
11.273	4.9338
-2.0362	10.588
-13.274	-6.8259
12.6	0.052499
2.433	-13.463
-3.6919	-6.8464
12.734	-1.4502
-7.5698	15.129
-5.3152	16.302
-8.2096	-11.967
-2.1492	-13.758
-10.888	-9.808
10.135	7.1074
-15.263	2.7855
-0.081143	4.6553
11.114	5.8002
-0.35118	-13.897
-7.0787	-4.9212
-8.392	5.1158
9.4798	-9.1759
-15.563	-0.72644
-13.788	8.2506
-15.218	-0.27106
2.4647	-6.9039
-11.41	11.706
-6.561	-12.487
-15.449	2.428
-8.7353	4.4786
-8.5835	4.3143
-13.752	8.3804
7.1742	9.8089
-8.1846	5.8465
11.21	-6.9771
-2.723	10.744
11.484	5.3802
-7.8208	-3.7865
7.8588	9.1703
-15.692	1.0546
-10.003	13.381
-9.8089	13.586
6.8763	9.8417
11.948	-5.8042
-12.516	-8.0036
8.9775	8.4997
6.0001	-12.523
-15.324	3.2231
-1.6417	10.796
6.8362	9.4952
6.2787	9.7643
10.273	-8.8772
-14.15	-5.1974
-9.1558	-1.2255
8.7192	-9.9757
-6.2293	-12.624
7.3475	9.4687
1.3573	11.348
-9.4701	13.614
-3.3647	-13.539
-6.6251	-5.0475
6.5576	-0.87234
-15.067	3.978
-9.6061	13.437
7.6841	-11.273
11.037	-7.2006
-13.286	-6.6634
-3.7267	-7.0612
0.14415	11.354
-14.461	7.3166
11.207	-7.0839
-8.4402	-2.6199
-9.4025	1.235
10	7.2405
-5.0876	-6.2832
-11.488	11.912
-9.8453	13.61
-7.0276	7.4607
1.3024	11.311
-6.8687	15.651
-5.4957	8.9432
-15.265	2.7543
-4.1509	-13.369
6.2793	1.5491
-8.3667	-2.6094
0.65833	-13.775
-8.936	3.7283
0.87495	-13.844
12.405	-3.7412
12.243	2.8595
-9.1096	0.68814
-5.0664	-6.6741
-10.604	-9.9734
-7.8915	-11.711
-13.419	8.7288
-6.9354	-4.7996
6.1501	0.90219
-8.7387	14.523
-8.7779	-1.2245
-6.3272	-12.832
-9.8922	13.16
-14.904	-2.4562
-14.105	-4.7762
7.3666	9.5247
11.224	-6.707
-8.9803	1.2716
9.0841	8.0456
-8.6743	4.1607
-4.5325	9.5714
-15.223	4.1343
3.476	-6.2493
-6.2875	8.124
8.9416	8.4686
12.662	1.6366
11.057	-7.4433
-4.084	-13.555
-6.9029	7.2374
-5.9449	-5.9081
5.907	1.9839
-3.6312	10.009
4.5604	-13.102
-12.079	-7.9677
5.8089	-3.9316
0.084916	-7.623
8.8051	8.4498
6.2653	1.264
10.209	7.0715
4.1061	11.108
12.605	-1.3387
8.1035	-10.699
-8.4465	-11.518
-9.2551	-0.16006
-13.89	8.6666
12.446	-4.1163
-13.647	8.978
12.698	1.5241
-6.0819	15.883
12.647	-0.072518
-8.87	-1.53
-6.3999	7.9315
-2.7273	-7.4834
-7.7299	6.4537
-6.3912	8.2963
6.5451	-2.5907
-14.87	-2.6005
12.244	-4.0992
-14.961	-3.4003
-14.86	-3.5768
7.5466	9.3661
-8.2181	-12.05
-15.443	-1.8854
11.228	5.2133
-9.5452	-10.736
-15.209	-0.71036
-15.664	1.8684
12.403	-3.9016
-13.215	9.3656
-8.7598	-11.214
-12.002	-8.5322
12.404	-3.5695
-9.04	14.104
-8.1388	14.533
-15.145	3.6188
-7.3976	15.232
-11.362	11.609
-8.7715	4.3764
11.346	-7.0183
7.9722	-11.091
-14.45	-4.1569
1.8189	-13.549
-10.857	-9.8568
0.018247	-7.7541
13.044	-0.13796
-7.7153	6.2313
9.0418	8.2696
3.0814	-13.485
3.4879	-12.988
-6.843	7.7628
-10.259	-10.353
3.5035	10.993
7.9983	9.0909
-6.7269	7.8495
9.0877	-9.8955
10.508	-8.2445
6.7202	-1.4358
-2.5233	10.412
10.746	-8.0855
8.8923	-10.173
0.18658	11.31
-14.241	-5.279
6.3255	-12.119
-15.053	-3.0435
-4.0824	-13.331
2.8274	-7.0481
-6.6998	-12.619
-15.392	-1.5582
12.677	-0.060033
-7.5487	-12.517
-11.558	11.885
-15.09	-3.0807
-9.0135	14.448
-5.8063	-5.6604
3.3371	-13.178
3.6608	-13.374
1.861	-13.561
-2.949	-13.907
-9.0873	3.3846
-14.039	-5.5044
6.1926	1.5989
-8.6995	3.478
-1.9727	-7.7767
5.6456	10.401
6.4407	-2.2161
10.399	-8.2782
-9.1076	-0.42917
4.4456	10.686
-8.9079	-1.6961
-14.091	-4.932
-13.05	-6.9181
-7.9258	14.861
-2.3278	-13.916
-4.704	9.2949
3.9726	-6.163
-1.9249	-14.061
8.5454	8.9627
-5.8629	16.132
12.644	-0.92073
11.269	-7.251
-5.1957	-13.227
-8.7392	3.3858
11.43	5.0514
2.9967	-13.371
-7.0578	-12.419
-13.102	-6.6348
5.4168	3.2287
-9.5147	-11.234
-6.4504	-5.5862
-3.2949	10.12
1.4494	-13.589
-9.7981	13.49
-9.0889	3.5581
4.7396	-12.816
-8.746	4.3053
3.7025	-6.3972
-13.107	-7.1702
3.6264	-13.081
-7.3623	-4.475
8.4471	8.4505
-11.936	11.256
-9.2014	2.6938
5.4611	-4.7727
-8.9066	-1.6585
-15.339	4.1516
-10.263	-10.46
-7.0298	15.234
-15.306	-1.5282
-13.784	8.4356
9.1935	-9.4332
-12.567	-7.8864
-3.5229	-13.583
-14.657	6.5055
10.035	-9.144
-15.651	1.9432
-14.349	-3.8852
-15.251	-0.57784
-9.092	14.084
-5.4421	-6.2716
2.0083	5.0431
-12.044	-8.4612
5.393	-12.506
-9.1634	3.0326
-14.194	7.247
-13.206	-6.6789
1.0399	-14.041
0.73454	5.2652
12.169	3.5273
-14.193	-4.5443
-14.849	-3.7455
7.5773	9.1703
-0.43754	-7.8675
-4.3541	-13.217
1.8831	-6.9515
-14.577	6.4149
-10.604	-10.105
-12.63	-7.8904
-12.921	9.7299
4.7941	-5.1897
-7.0083	-12.691
-0.97936	4.4067
-13.79	-5.5288
-13.541	-5.7854
-10.704	13.001
-6.1302	8.2741
5.3269	-4.4864
6.1904	-2.998
-4.1104	-13.312
-8.9832	-0.49649
7.0816	9.6233
1.7434	11.467
-2.4934	10.416
-11.515	11.868
12.517	-2.9939
2.4587	11.344
-9.0156	1.2051
12.135	3.0909
-9.0247	-11.069
-12.483	10.631
12.875	1.0796
8.7259	-10.373
6.8311	-11.715
-9.8171	13.534
-2.5871	-13.711
-9.1733	0.51304
-7.0924	-12.756
-15.327	0.64879
11.054	5.8585
3.5874	-6.242
6.2058	1.647
-6.3244	15.691
10.521	-8.3478
12.673	-1.3127
-7.2115	-4.3555
-8.5182	-11.482
-12.009	-8.4144
-6.5418	15.803
-9.4169	-10.952
-7.9735	15.042
8.8777	-9.803
11.605	4.5556
-1.4244	11.095
0.4943	-14.052
0.57278	11.157
10.822	-7.4186
-5.9672	15.926
9.8207	7.3927
-15.015	3.9223
8.7954	8.2631
-12.96	-6.6514
3.0712	-6.532
5.5691	-12.777
3.8632	-6.0163
8.8314	8.2824
0.44163	-13.718
4.6664	-12.72
6.0958	10.481
12.293	-5.0687
10.562	-7.6623
11.606	-6.4384
-14.78	4.9074
-10.211	12.911
-6.9218	7.2441
-6.2146	15.969
-15.088	4.8918
3.3385	4.7037
8.3366	8.8488
4.9022	3.5579
-15.155	3.9973
