425.28 799.57
358.45 978
328.35 1170.5
500 1500
410.1 1054.4
375.45 911.83
357.16 1212.5
344.65 952.61
385.63 1157.8
320.85 851.44
358.41 1664.2
315.76 1160.9
407.35 851.83
287.03 749.11
313.49 774.08
336.24 1084.4
458.87 1181
374.5 979.24
815.09 2070.2
443.85 1431.8
500 1500
232.9 1225.1
363.22 794.98
421.76 877.19
488.31 1535.9
500 1500
331.21 1049.2
325.92 950.69
931.9 1959.2
375.28 977.16
430.44 1157.9
388.3 1131
378.11 1077.9
346.31 953.26
344.83 1120.4
385.97 928.52
453.78 821.53
284.22 921.44
500 1500
335.44 687.42
319.31 1060.5
500 1500
322.16 2282.8
388.31 1100.2
326.82 727.28
315.21 725.86
309.67 946.34
294.69 850.93
421.44 1139.4
321.94 771
373.25 1224.8
379.86 976.42
372.31 1123.6
528.36 1155.1
387.61 989.04
342.6 1016.3
414.59 903.35
500 1500
393.55 818.61
429.4 915.36
500 1500
325.52 1622.5
500 1500
345.32 930.12
382.46 1077.7
323.65 857.5
300.84 818.04
921.18 2308
335.09 1034.8
331.51 961.05
353.34 1047.8
500 1500
329.76 978.9
223.36 678.14
171.04 1591.5
570.46 1240
406.32 1081.9
322.18 1354.3
500 1500
361.38 1045.4
368.44 986.11
363.22 794.98
853.91 2324.2
500 1500
248.35 890.08
834 2459.9
299.12 2456.3
364.05 1033.4
331.48 898.22
339.11 1000.8
480.19 1049.7
322.16 2282.8
414.61 974.8
352.76 1064.9
347.54 1068.9
397.12 1156.4
500 1500
398.9 1530.7
348.61 1053.4
385.76 968.21
463.74 1011.5
319.47 1559.9
497.36 935.55
500 1500
367.69 1247.2
479.55 1105
728.72 1223.2
287.82 2026
380.15 2270.4
440.43 984
319.66 739.62
421.76 877.19
366.03 883.28
357.49 727.06
437.85 1022.6
278.19 1306.8
367.07 1763.7
339.61 1080
295.78 757.89
542.55 1154.5
398.31 1131.6
500 1500
272.13 876.24
210.55 745.53
338.5 1160.1
401.49 1150.1
331.21 1049.2
356.67 884.62
311.28 1292.5
368.16 2333.9
373.64 1127.8
304.47 700.94
1086.3 1211
500 1500
305.52 1281.7
369.44 844.35
500 1500
337.31 1002.9
319.33 795.22
591.91 1097.2
352.32 841.09
373.86 950.09
247.17 1744.6
371.3 1226.1
322.72 1234.3
337.07 854.32
374.52 1109.7
401.49 1150.1
389.29 1233.2
482.46 1145.5
362.27 1003.1
340.13 1116.2
500 1500
336.52 1027.9
829.91 2534.8
336.24 1084.4
899.59 2629.4
316.22 836.68
527.43 1165.4
500 1500
338.5 1160.1
304.44 936.31
315.21 725.86
268.86 1247.4
354.75 1165.2
596.97 1501.4
362.25 1407.2
342.85 1090.8
535.08 861.13
400.5 1544.5
304.79 1162.3
500 1500
500 1500
399.52 1416.7
488.03 776.66
329.4 981.48
500 1500
331.47 1316.3
500 1500
322.74 810.9
330.64 1041
319.66 1073.7
263.98 759.52
500 1500
323.65 857.5
322.42 1132.6
387.1 1121.3
570.36 1173.5
325.24 1886.2
379.08 2488
291.53 573.33
500.15 1520.9
500 1500
321.34 920.63
359.48 1085.6
387.99 993.61
495.96 1110.2
304.76 498.67
353.83 757.9
375.19 937.01
321.94 771
519.01 1528.3
453.84 1428.3
163.85 1208.9
262.4 1207.2
304.44 936.31
500 1500
264.11 1366.6
294.69 850.93
307.34 1367.6
500 1500
365.1 972.46
500 1500
343.16 1259.1
375.85 908.01
308.84 875.35
433.8 1674
375.8 753.67
344.67 965.16
427.38 1006.4
335.09 1034.8
313.47 1345.7
500 1500
500 1500
398.05 1085.9
447.23 1015.2
404.95 1112.2
346.77 648.93
314.61 1013.9
336.16 1076.8
365.11 1129
500 1500
363.73 1095.3
537.19 1087.9
323 1300.8
500 1500
377.67 843.54
298.04 1034.3
348.24 1009.1
236.72 766.16
371.3 1226.1
335.44 687.42
273.02 1100.6
311.68 774.89
234.68 924.86
325.93 1415.4
379.1 1028.1
890.55 1894.9
461.05 2300.3
250.09 986.08
364.12 826.66
425.28 799.57
451.16 887.32
368.74 1090
926.34 1502.2
319.29 896.43
311.94 917.35
327.47 1118.4
293.25 1124.4
455.29 938.3
500 1500
360.8 1627.7
352.99 921.38
437.42 1117.5
352.71 1221.7
340.95 911.23
371.3 1226.1
267.98 833.3
360.54 884.95
485.85 1559.3
500 1500
500 1500
360.27 1100.3
340.25 809.27
371.46 820.96
353.66 1208
500 1500
436.84 859.81
342.96 1295.6
334.58 1231.3
500 1500
398.64 893.65
500 1500
338.6 1117.1
396.4 922.57
289.74 717.14
374.75 902.8
288.14 1176.3
323.05 1094.1
500 1500
297.23 751.4
368.56 840.26
356.41 908.41
351.13 1080.7
500 1500
692.12 1522.7
1075.8 2339.7
931.9 1959.2
359.14 1089.1
370.68 1081.4
444.79 1315.8
339.97 876.07
500 1500
312.99 1190.4
847.23 2648.2
417.3 1084.9
370.62 1141.3
286.46 890.5
365.37 1499
500 1500
1086.3 1211
370.48 821
500 1500
515.68 1121.4
362.35 1418.9
365.37 1499
299.21 1172.5
352.58 1101.2
384.2 1119.1
360.11 1187.8
330.64 1041
500 1500
442.13 974.62
317.6 883.88
361.77 901.02
393.89 1160.6
400.85 1355.9
351.59 1115
307 908.19
500 1500
343.35 1047.1
335.46 1017.9
323 1300.8
351.13 1080.7
500 1500
374.63 1501.6
326.55 1031.1
716.29 1380.7
502.02 1140.9
378.62 1191.4
337.07 1687.4
316.24 951.2
500 1500
198.63 1666.9
426.93 1165.3
317.89 1128
396.2 1042.9
374.22 1127
366.58 1029.2
865.02 2452.2
501.25 893.52
500 1500
500 1500
322.48 1352.2
387.92 1040.8
360.11 809.13
600.85 1727.3
366.45 988.08
301.23 1265.8
357.82 1054.3
328.68 894.68
333.02 881.17
283.62 1095.1
640.58 1214
296.64 951.16
338.55 1039.6
500 1500
363.93 1083.9
500 1500
387.43 1135.7
290.3 1115.3
333.38 1136
335.09 1181.1
379.69 1045.6
500 1500
277.54 1670.7
340.36 1056.6
337.73 1128.7
566.13 968.17
454.32 987.63
349.7 935.02
328.68 894.68
298.16 2193
335.81 867.89
500.26 911.1
500 1500
303.62 2317.1
317.53 954.96
380.33 1104.1
226.24 554.51
333.07 1178
185.07 933.55
341.33 1100.7
343.68 1211.5
319.53 2354.8
354.38 930.82
806.98 2726
500 1500
311.75 1072.1
325.03 1280.3
407.35 851.83
506.85 964.03
373.14 1083.1
717.71 1983.3
377.92 976.8
386.26 989
410.27 1076
354.08 1053.5
1037.9 2350.4
344.21 1048.4
336.67 1165.7
320.92 1084.1
500 1500
420.98 1036.8
325.52 1622.5
297.6 1282.2
500 1500
211.42 572.78
515.68 1121.4
328.48 1777.1
299.33 706.2
318.7 1161.1
597.83 1474.1
328.01 969.3
368.3 1079.4
500 1500
1234.3 2430.5
331.51 961.05
789.57 2494.3
500 1500
335.09 1181.1
314.17 1131.4
349.29 830.01
298.54 1173.7
880.36 2493.1
300.5 758.36
497.36 935.55
319.41 1955.1
337.62 1176
299.63 1359.7
302.28 1004.5
320.86 869.12
1200.7 2355.3
325.5 1013.6
362.07 1016.5
500 1500
322.11 873.31
500 1500
333.6 932.92
323 1300.8
500 1500
500 1500
370.22 855.74
331.52 890.92
365.14 794.12
519.56 1115.3
439.53 1010.5
500 1500
316.5 1130.4
349.79 950.77
285.9 988.93
314.64 988.83
338.74 887.84
448.34 941.61
528.36 1155.1
381.09 858.68
500 1500
347.88 710.39
441.1 1026.7
493.75 878.75
291.65 1282.9
644.64 1972.5
361.72 1021
530.97 1489.7
353.36 865.19
500 1500
344.29 1158.3
330.64 1041
389.66 1122.3
262.21 1198.4
326.51 955.99
339.97 876.07
261.91 2385.9
301.05 1673.8
431.2 1073.8
395.15 1105.8
232.9 892.07
345.57 1163.6
447.37 1459
366.27 1196.5
332.48 622.33
585.4 1222.6
296.98 809.76
319.43 1216.9
468.49 1149.3
339.1 901.75
361.65 1030.7
500 1500
359.49 1139.7
500 1500
395.73 2120.5
393.51 1774.1
384.96 1962.5
191.87 2032.3
383.49 2064.6
312.73 1837.8
409.85 2016.8
393.69 2112.5
441.9 1846.4
433.01 2041.5
442.1 2039.3
373.5 1991.2
332.03 1982.1
255.83 2138.6
375.02 1975.1
637.59 2010.8
428.3 2117.7
332.87 1969.1
374.29 1917
386.38 1992.9
500 1500
312.24 2042.8
309.09 2107.3
336.45 2052
291.33 2140.8
325.38 2111
290.26 1983.7
360.37 2066.9
398.67 1879.7
298.39 2137.4
557.18 1756.6
371.14 1980.6
384.58 2053
351.39 2019.7
343.14 1922.2
431.17 2055
333.94 2027.6
343.88 2080.1
421.62 1723.4
374.11 2077.4
373.13 1891.7
858.25 1961
366.36 1949.3
500 1500
353.11 2169.8
401.17 1793
500 1500
324.64 2218.9
354.25 1851
500 1500
414.42 1764.4
375.58 1606.9
423.23 2196.6
399.81 2113.3
365.17 2063.8
332.95 2025.4
362.43 1953.4
385.49 2184.7
500 1500
452.31 2116
500 1500
382.8 1990
292.36 2103.2
361.02 1938
251.76 1917.8
596.64 2163.2
355.32 2022.2
512.89 1857.7
403.93 1861
905.43 2068.8
340.94 2062.7
331.98 2140.3
500 1500
420.87 1979.7
354.06 1628.1
312.79 2193.2
362.44 1508.8
349.82 1931.7
346.85 2256.2
374.45 2136.4
411.94 2056.2
417.31 1959.6
338.21 2133.6
268.16 2070.8
349.6 2148
500 1500
397.91 1963.1
437.99 1945.4
312.24 2042.8
380.29 1777.9
362.65 2061.2
432.76 1714.3
500 1500
297.46 2166.6
418.83 2034.4
500 1500
500 1500
362.96 2053.9
385.71 1957.2
436.37 2076.2
383.95 1666.8
337.81 2113.9
361.81 1874.4
372.59 2096.5
286.01 2272.8
195.51 1933.8
292.04 2265.8
308.06 2360.1
362.12 1760.8
500 1500
342.56 2148.2
393.72 2095.7
398.01 2075.8
560.92 1769.6
451.59 1874.6
399.84 1641.3
336.04 2162.6
354.81 1943.9
365.19 1885
347.22 2328.9
456.18 1874.3
407.62 2025
399.49 1921.5
309.31 2191.7
372.87 2012.3
348.2 2385
388.53 2041.9
336.46 2291
305.7 1785.9
1426.8 1889
377.88 1951.8
569.54 1884.7
357.42 1799.7
437.12 1999
405.56 1904.5
433.31 2028.8
500 1500
300.48 2184.5
370.58 2190.8
308.43 1942.3
419.87 2023.5
346 2133.1
689.34 1833.3
500 1500
447.34 1418
386.72 2111.2
292.78 2240.2
382.84 2050.6
473.82 1821.9
414.22 2189.8
438.27 1986.5
394.97 1788.4
401.73 1976.6
333.47 1632.2
394.04 1605.5
383.73 2068.6
402.13 1753.6
500 1500
861.4 1781.3
265.92 1522.7
423.16 1921.9
364.01 1703.2
345.09 2098.7
320.37 1892.4
340.05 1680.5
511.71 1878.8
384.67 1765.9
335.03 2003.8
408.23 1904.9
308.45 1813.8
323.41 2029.1
558.78 1786.2
340.74 2084.2
280.62 1883.7
458.63 2031.1
465.26 1800.1
405.51 1851.6
332.22 2112.6
500 1500
494.22 1598.9
474.21 1925.4
530.21 1817.3
480.35 1833
409.1 1644.9
346.08 2136.3
384.95 2295.3
368.22 2134
331.58 2109.3
385.14 2073.7
281.37 2287.4
398.63 1858.7
262.25 1667.5
403.16 1594.9
500 1500
412.6 2130.7
352.56 2049.5
436.67 1896.4
348.19 1742.1
314.46 2188.6
500 1500
446.58 1883.7
444.06 2078.4
500 1500
586.31 1933.4
500 1500
472.14 1818
342.93 2085.8
339.26 1935.1
305.17 2323.3
335.96 1917.2
378.8 2115.6
385.15 1936.1
329.13 2107.8
384.75 1960.5
360.88 2018.4
362.78 1796
412.81 1957.4
500 1500
366.48 1991.7
408.15 1627.3
372.76 1988.1
214.69 1839.7
292.41 2015.4
371.74 1752.2
258.5 2160.7
367.45 2012.2
366.6 1941.9
497.21 1715.5
455.09 1771.4
366.6 2124.5
435.9 1952.6
352.83 1980.1
324.97 2060.8
500 1500
500 1500
551.86 1555.3
401.69 1954.7
500 1500
384.92 2093.4
500 1500
327.89 1963.6
374.26 2053
398.74 1920.9
369.34 2071.6
462.37 1869.9
324.99 2166.9
236.74 1802.9
387.83 1583.6
348.73 2104.4
336.09 1591.9
500 1500
500 1500
416.55 2156.4
619.02 1424.2
379.78 2015.3
412.1 1920.6
500 1500
344.36 2002.9
509.61 1825.6
435.35 1917.7
422.43 1366.4
386.32 1366.3
800.7 1673.5
349.14 2000.1
315.04 2126.5
419.97 2091.9
397.7 1443.8
387.07 1971.3
375.92 2064.1
378.44 1986.8
394.18 2027.5
395.67 2088.3
311.28 1854.8
431.15 2157.6
382.72 2029.9
244.3 2026.4
344.02 1872.4
356.95 1755.6
321.52 1967.4
373.47 1557.7
488.23 1837.8
500 1500
135.61 1949.9
557.18 1756.6
500 1500
543.42 1914.9
500 1500
271.19 1955
352.66 2100.2
400.66 1947.5
376.27 1999.5
614.95 2135.3
442.83 2055.1
366.56 1926.5
299.17 1983.1
423.22 1679.7
407.92 1934.1
482.99 1876.9
334.45 2097.2
355.59 1928.6
458.63 2031.1
405.53 2076.9
406.56 2032.6
343.44 2136.3
307.92 2006.6
500 1500
417.66 2286.9
347.45 2087.1
404.93 1943.6
470.48 1321.4
500 1500
500 1500
329.81 1996.4
532.35 1850.5
378.03 1865.5
556.88 1742.3
351.11 2154.2
379.78 2015.3
405.56 1904.5
384.88 2013.9
329.81 1996.4
395.1 2016.8
351.63 2018.7
495.01 1706.5
500 1500
507.46 1936.2
421.99 1888.6
419.47 2033.5
336.76 2017.6
285.39 2334
397.17 1864.4
423.66 2094.9
377.96 1984.9
323.31 2026.3
375.64 1852.3
500 1500
426.14 1979
882.68 2080.6
299.48 1665.7
444.29 1896.5
378.96 1964.5
500 1500
394.86 1667.7
500 1500
380.73 1784.8
365.91 2059.3
357.15 2023.2
310.6 2251.8
457.41 1928.5
331.44 2035.6
454.21 1854.6
352.01 1900.6
506.58 1978.9
325.94 2231.3
316.19 1977.4
618.7 1950
325.69 2067.2
500 1500
384.98 2343.6
332.08 1967.5
358.78 1807.5
335.47 2377
344.84 2105.8
333.87 2051.9
544.66 2025.3
312.91 2089.3
500 1500
500 1500
237.33 2185
500 1500
418.65 1930.7
397.7 1443.8
500 1500
412.42 1849.9
403.74 2162.9
297.78 1167.5
375.97 2057.8
395.68 2227
433.06 1744
293.44 2161.2
717.13 1767.4
403.93 1861
287.86 2135.7
325.38 2111
312.78 2008
541.02 1757.3
238.64 1934.6
346.7 2126.3
500 1500
347.5 2136.2
435.8 1834.2
462.45 1973.7
380.5 2035.7
385.9 1780.1
550.48 1728
300.12 2176
408.85 1954.3
412.93 1748.7
389.34 2120.6
453.33 1591.9
500 1500
381.61 2056
292.36 2389.2
414.58 2017
331.44 2106.7
361.9 1671.6
386.77 1774.5
261.78 1965.1
436.17 1616.4
392.25 1791.2
589.81 1632.4
443.77 1838.8
356.75 2050
217.88 1902
500 1500
418.82 2045.5
500 1500
337.34 2187.8
697.33 1815.2
500 1500
330.01 1727.5
905.43 2068.8
410.83 1984.1
386.01 2008.1
619.88 1974.5
345.94 2162.2
394.6 1977.9
603.81 1792
244.06 2220.9
449.6 1989.6
351.17 2060.3
335.16 2107.6
500 1500
424.54 1847.2
359.05 1813.3
536.48 1923.6
752.01 2132.8
428.57 1740.6
511.01 1926
316.35 2074.6
412.42 1849.9
363.19 2091.9
434.11 1804.1
397.43 2019.2
440.12 1855.8
337.73 2139.9
407.94 1967.9
389.35 2216
500 1500
500 1500
335 2115.8
375.22 2121.2
500 1500
544.46 1650.6
482.15 1871.4
353.11 2169.8
443.43 1990.1
550.46 1817.3
469.96 2135.8
371.25 2061.4
365.7 2049.4
377.38 2016.7
257.98 1737.2
500 1500
357.13 1691.9
438.79 2483.8
376.95 2007.9
329.02 2039.8
383.49 2064.6
411.43 1780.4
447.22 1916.7
385.14 2055.8
232.97 1871.2
405.07 1898.8
472.05 2020.7
258.93 2190.5
410.33 1929.2
423.21 1913.2
379.87 1995.2
360.96 2135.6
357.62 1941.4
438.91 1955.7
305.28 1959.7
339.24 2025.8
469.99 1609.5
382.36 1936.4
377 2051.6
416.52 1945.8
532.8 1791.4
465.01 2209.9
370.16 2101.1
355.85 1993
500 1500
550.64 1830.5
336.88 2045.8
405.53 2076.9
377.52 1681
321.39 2172.3
283.5 2132.1
444.95 1986.6
326.06 1747.8
500 1500
1057.3 2070.8
799.88 1265.8
333 1509
667.16 1177.3
593.67 1436.9
500 1500
667.16 1177.3
952.24 1487.1
500 1500
630.75 1358.6
500 1500
716.44 1381.1
500 1500
530.74 1679.9
831.64 1285.5
530.63 1257.4
710.48 1195.2
500 1500
500 1500
500 1500
500 1500
682.75 1355.6
615.89 1360.5
619 1293.6
500 1500
654.95 1205.7
500 1500
500 1500
620.74 1800.2
500 1500
465 1255.3
500 1500
575.51 1420.1
500 1500
672.01 1308.3
582.71 1347.2
590.9 1522.4
684.72 1280.1
654.38 1488.2
356.86 1513.8
724.82 1372.2
827.98 1462
500 1500
553.73 1596.1
685.01 1334.6
253.16 1564.2
516.73 1672.2
646.31 1134.1
838.43 1337.1
500 1500
617.67 1497.5
636.77 1443.1
500 1500
318.1 2111.1
500 1500
500 1500
619.16 1405.5
500 1500
693.33 1289.7
456.75 1604.5
680.53 1479.2
500 1500
527.31 1515.6
500 1500
821.34 1270.7
613.92 1334.7
570.52 1317.5
500 1500
576.44 1601.4
500 1500
500 1500
500 1500
500 1500
462.66 1468.8
500 1500
500 1500
500 1500
500 1500
608.66 1124
699.07 1380.2
504.14 1269.4
661.56 1125.9
470.07 1649.8
500 1500
279 1163.6
784.28 1402
650.04 1215.7
644.66 1191.8
1222.4 1758.5
621.39 1454.3
795.46 1195.5
647.81 1837.1
540.76 1355.2
662.55 1443.1
414.49 1523.4
706.36 1459.6
358.53 1453.6
1024.8 1315.9
695.38 1268.2
699.75 1344.2
500 1500
793.78 1331.5
500 1500
248.4 1284.7
591.74 1361.7
633.12 1407.4
1122.9 1315
566.45 1628.1
288.33 1234.4
500 1500
532.1 1328.6
637.03 1627.4
799.78 1295.5
590.59 1784.6
500 1500
501.32 1947.6
500 1500
576.71 1282.5
500 1500
567.84 1473.4
671.39 1329.1
361.76 1352.2
570.04 1454.3
759.96 1357
977.84 1555.7
755.98 1244.9
669.26 1504.7
500 1500
500 1500
754.87 1232.8
887.6 1214.9
521.28 1613.7
685.65 1514.8
539.92 1591.5
684.81 1289.6
382.51 1365
485.3 1643.4
356.28 1035.6
770.1 1402
776.19 1357.3
633.26 1554
647 1329.9
500 1500
531.97 1873.1
415.7 1757
500 1500
737.7 1276.8
500 1500
729.39 1354.4
799.03 1323
681.53 1353.6
500 1500
1024.8 1315.9
483.58 1515.3
586.48 1359.6
575.52 1297.8
628.25 1383
531.37 1691.4
736.13 1316.5
338.41 1484.1
550.76 1721.6
500 1500
724.92 1182
554.29 1658.3
748.81 1276.1
681.44 1391
500 1500
549.96 1133.5
682.13 1363.6
454.71 1850.1
552.43 1619.8
317.1 1573.4
500 1500
500 1500
689.47 1268.1
1033 2495.6
477.41 1694.3
349.15 1023.5
1282.4 2065.8
686.86 1369.1
578.96 1323.5
853.47 1448.5
287.18 1085.8
751.42 1310.7
666.04 1223.6
693.01 1435.7
500 1500
692.64 1279.4
625.75 1313.6
588.77 1532.5
703.84 1199.3
298.16 590.42
559.17 1305.3
583.05 1551.4
519.85 1508.4
638.87 1518.5
817.71 1214.4
638.65 1411.6
381.29 1519.9
500 1500
500 1500
664.91 1439.6
259.23 1753.2
361.73 1437.4
667.54 1424.8
692.56 1283.6
500 1500
631.72 1370.3
443.71 1488.5
875.97 1223.5
699.12 1366
565.27 1647
687.58 1515.1
612.41 1286.6
743.1 1301
500 1500
470.8 1369.2
629.48 1353.3
457.13 1771.2
534.4 1664.9
380.81 1276.4
500 1500
529 1717.9
500 1500
500 1500
582.22 1083.6
776.88 1203
610.76 1414
434.39 1805.4
733.93 1361.1
686.72 1211.3
518.09 1470.5
553.05 1651.2
406.99 2029.8
428.46 1663.3
545.27 1502.4
395.62 1738.5
570.6 1472.1
629.92 1412.5
587.88 1314.5
748.64 1241.2
710.48 1195.2
292.87 2354.9
433.48 1833.1
435.02 1373
695.87 1364.2
500 1500
667.18 1446.6
983.74 1437
653.48 1484.8
564.2 1345
468.27 1913.8
637.03 1627.4
500 1500
760.62 1327.5
500 1500
325.25 1802.3
568.11 1244.6
741.8 1405.6
802.68 1374.9
461.64 1479.4
500 1500
654.24 1442.6
466.31 1847
500 1500
500 1500
571.88 1550.2
360.94 1541.8
609.52 1443.3
500 1500
611.9 1433.6
500 1500
610.21 1647.6
671.09 1316.9
736.96 1204.8
500 1500
863.2 1256.7
500 1500
597.84 1439.3
479.98 1060.7
742.29 1301.9
651.5 1353.3
728.53 1263.5
500 1500
433.72 1851.3
414.49 1523.4
500 1500
383.39 1585.5
725.02 1308.4
720.56 1340.4
500 1500
230.24 1226.3
248.39 1785.4
671.05 1242.4
588.34 1471.8
500 1500
500 1500
500 1500
697.37 1273.1
633.12 1407.4
500 1500
656.31 1782.7
754.05 1318.8
437.8 1069.8
597.84 1439.3
463.2 1579.4
400.03 1321.1
899.27 1303.7
713.19 1216.8
500 1500
544.39 1324.1
673.25 1192.7
500 1500
563.46 1710.7
659.61 1239
712.3 1316
500 1500
500 1500
651.36 1339.6
500 1500
500 1500
666.04 1223.6
504.78 1762.4
481.36 1501.4
789.86 1389.9
447.71 1556.7
500 1500
500 1500
638.65 1411.6
401.44 1205.5
484.17 1767.4
536.08 1852.9
1113.7 1622.3
687.55 1322.2
500 1500
500 1500
469.18 1408.3
500 1500
612.96 1418.7
988.43 1335.1
584.99 1426
500 1500
359.14 1693.7
580.43 1284
797.15 1262.7
542.59 1627.8
738.07 1305
596.35 1514.9
500 1500
703.15 1230.6
676.09 1410.9
500 1500
471.2 623.07
500 1500
500 1500
892.19 1402.2
603.8 1532.7
582.23 1732.1
635.57 1321.2
500 1500
463.65 1303.4
660.22 1425.7
665.74 1394.7
546.94 1412
500 1500
682.64 1206.3
500 1500
500 1500
470.06 1494.5
768.12 1296.7
500 1500
288.68 1292.2
717.46 1310.8
711.72 1267
568.45 1722.2
622.83 1225.3
571.98 1379.9
610.76 1414
653.56 1294.2
698.8 1361.5
547.21 1261.4
413.72 1283.7
422.07 1344.2
676.26 1473.3
504.15 1385.3
285.22 1543.1
629.13 1535.8
618.96 1254.6
753.14 1193.9
669.61 1448.6
716.78 1305.5
500 1500
500 1500
690.71 1326.2
661.93 1394.6
500 1500
380.16 1131.1
670.09 1315.2
500 1500
777.89 1265.4
507.54 2020.3
393.35 1637.6
658.69 1620.2
871.97 1321.8
500 1500
662.37 1271.7
665.62 1362.4
471.2 623.07
467.24 1626.4
500 1500
529.01 1080.1
737.82 1356.2
500 1500
630.23 1823.2
500 1500
500 1500
728.3 2458
480.6 1463.4
540.73 1374.9
762.58 1502.9
564 1725.8
803.97 1457.2
500 1500
633.25 1342.6
500 1500
660.66 1351.6
500 1500
628.5 1476.7
500 1500
707.65 1272.4
723.45 1297.5
500 1500
729.98 1206.7
500 1500
638.19 1744.6
500 1500
500 1500
601.75 1365
652.61 1324.3
500 1500
645.72 1391.8
715.88 1319.1
500 1500
730.12 980.82
638.34 1268.7
674.32 1187.6
686.72 1211.3
500 1500
808.28 1183.7
500 1500
500 1500
770.74 1360.1
338.41 1484.1
605.06 1613.4
531.36 1792
500 1500
500 1500
500 1500
1083.6 1320.5
542.3 1715.1
509.76 1215.5
411.31 1334.4
721.54 1418.5
267.18 1401.4
605.96 1503.8
500 1500
651.28 1530.7
500 1500
770.1 1402
778.18 1172
686.59 1260.1
367.93 1473.8
728.57 1233.1
737.8 1236.1
757.81 1302.7
500 1500
783.1 1422.2
654.42 1332.8
736.7 1240.8
580.08 1635.2
679.46 1301.3
500 1500
559.47 1373
685.61 1430.4
632.57 1259.4
362.98 1342.8
720.27 1294.2
798.55 1220.7
415.13 1336
625.71 1308.3
500 1500
500 1500
457.24 1882.3
580.81 1555.3
504.15 1385.3
555.46 1432.1
564.85 1607.8
652.2 1502
