-0.97124 -3.0705
-1.2647 -0.076042
2.278 1.3097
1.4725 0.67677
-1.6112 -3.058
0.37808 1.3866
4.2473 4.1317
1.2279 0.28745
2.5301 1.0942
-0.65466 -0.71754
-2.1423 1.6547
-1.4952 -2.7432
-0.72084 0.631
-1.7559 -2.3503
1.6759 0.07108
1.1152 -2.9316
0.70615 0.45143
2.5626 5.402
-2.6522 -4.1275
0.7862 -0.52089
1.7407 3.0196
1.5293 1.6046
0.41995 -0.82963
0.015782 1.8534
-1.0387 -1.1098
-0.0035 1.3233
-2.1925 1.4039
1.5532 2.7707
-0.77391 -2.8243
-3.2224 -1.2681
2.1753 0.68078
1.9239 0.34069
0.33447 -0.89671
2.0149 3.8523
0.49745 2.146
0.94325 -0.10743
-0.70798 -0.61795
2.0797 3.6678
0.40355 2.6561
0.051665 1.2795
-1.0816 -1.1325
-1.3026 -1.4995
0.33437 0.51947
-1.0564 -1.6143
2.8573 3.5296
1.067 0.53477
1.8314 1.4324
-1.7442 -0.16105
-1.5164 0.93415
-1.6915 -1.618
-0.83935 -2.1243
0.50013 -1.9156
1.997 -0.24269
-2.23 -0.62831
1.1571 0.9023
-1.996 -0.034586
0.59952 3.4636
1.619 1.1368
-0.10503 0.02752
1.5231 2.2327
-1.6113 -3.2367
0.66066 -0.27294
-0.43029 1.2156
-1.1895 2.1637
3.2997 1.7154
0.48767 1.1139
0.45408 0.10116
1.707 1.9556
-2.0116 -1.8891
1.1821 2.447
1.98 2.4695
-2.1337 -3.4483
1.4423 2.2094
0.93297 0.79636
-0.596 -0.67034
-1.1858 0.11962
0.63965 1.3703
-0.86824 -0.65873
-0.84665 -1.1565
1.9548 1.1448
2.6033 2.8122
-1.0744 -2.9994
1.0803 2.1489
-0.080505 1.9896
3.9137 1.515
1.0573 3.4138
-3.865 -2.715
-2.6231 -4.2708
-0.51403 -2.3971
-1.165 -1.6583
0.17726 -1.3548
-1.1935 -2.7247
0.64608 0.021532
0.6597 -0.67501
-0.15103 -0.4792
-0.71492 0.60656
1.7008 1.7817
1.2318 -0.6415
-0.69511 -3.0399
-1.2299 -2.3498
0.058802 -0.11741
2.1753 -0.79117
-0.40295 0.060589
-1.0124 0.75558
1.634 1.8823
2.1046 1.8716
-1.2052 -0.72857
0.16484 0.21588
-1.0784 -5.4142
0.18103 -0.99602
0.62108 0.86263
0.23175 1.5399
1.3526 2.6923
-4.0297 -4.8861
-0.10991 -1.4994
0.15729 -1.322
0.2816 -2.4325
-1.4156 -4.3425
3.1792 4.7139
-0.66746 1.2421
0.2029 -0.20216
1.8808 0.71498
2.077 1.0152
-3.5709 -3.4688
-0.86928 0.50388
0.49992 3.0468
0.92205 4.276
2.1728 -0.11034
0.40069 1.4988
-0.91492 -2.343
2.7634 0.9903
-0.25877 0.34602
-0.56059 -3.6929
0.11333 -0.30888
1.3066 1.9864
-2.2223 -0.85918
-2.0049 -2.9573
0.5511 -2.0207
2.4387 2.1844
-1.5972 -0.52814
1.6496 -0.23694
0.64125 2.2216
2.4101 2.2536
0.42129 -1.9732
0.82949 1.9083
-0.94166 1.9255
1.2268 -2.6449
0.1058 -2.2041
1.0509 3.7058
-1.4622 -3.7336
-1.2286 -2.3693
-0.87553 2.0763
-0.13212 -0.0712
-1.1331 1.3876
1.1262 -1.0053
-1.9695 -1.7003
0.83282 -1.4251
1.634 -0.71786
-2.3022 -2.3785
-1.4455 -0.40382
0.16792 2.2687
-2.3512 -1.0541
-0.29489 -0.8755
0.24671 1.8414
0.15239 -2.736
-2.0187 -1.8455
0.57969 0.8411
-1.8159 -3.9595
0.59723 4.4956
0.45916 -0.77819
-0.59822 -0.41523
1.316 1.735
-1.7982 -1.7007
-0.52765 -2.573
0.56817 -1.3395
0.73758 1.9796
-2.1495 -2.4605
0.65193 1.8457
0.72819 0.63603
-1.9597 -0.15698
1.3306 -0.35711
-1.8399 -0.56976
0.15592 1.694
-1.192 1.0089
1.1764 -2.3768
-0.90936 0.26459
-1.6735 -1.6559
1.0105 1.631
1.2617 -0.80093
0.66568 1.5458
2.8179 2.3793
-0.46514 0.77171
0.76555 1.3028
1.2853 1.1904
-1.2394 -1.6438
1.2005 2.8812
-0.1403 0.69311
-1.9624 -1.2772
2.2136 0.35938
0.15179 -2.6149
3.1875 6.2157
0.65934 1.0831
-1.6575 -0.79413
-2.1165 0.44658
1.4631 -0.070112
0.62744 1.6954
-0.51856 -1.9537
1.8372 -0.28932
0.90078 -1.2223
-2.9637 -2.2829
4.1223 1.7497
2.3219 1.0562
2.3475 3.2691
2.6354 3.7213
1.4244 -2.253
0.33689 1.2173
-0.11495 1.1306
1.5824 0.44631
3.1694 2.4745
2.248 2.9525
-2.5988 -0.5006
2.1664 3.8537
0.87398 -0.28004
-1.6218 -1.2814
-2.0204 -2.5402
-0.38958 0.92462
-2.4518 -2.2065
0.55398 -4.1708
-0.10606 1.1734
0.71966 -1.8057
0.01102 0.99
1.5313 0.47175
-0.68232 -0.4034
0.11259 -0.14227
0.33029 3.2967
-0.060304 0.070854
2.3886 2.7754
-2.1607 -4.0364
-0.72798 -2.3863
-0.29175 -0.6517
-0.32483 -3.8197
0.77317 3.4703
0.89038 -1.4373
0.22385 1.8714
-0.22656 2.4794
2.3879 2.4176
-1.1888 -0.43519
0.38457 -1.4094
-0.63372 1.1118
-0.44842 -3.4969
1.1649 3.6398
-1.4134 -2.3572
0.92904 1.2489
2.4939 3.2516
2.1165 2.1898
0.51475 -3.238
-4.0412 -2.2281
0.5649 -0.49646
-0.51314 -0.71203
-0.97904 -0.51637
-0.46278 0.0058005
-1.1907 -3.3955
1.3895 1.6391
0.15623 1.3401
-0.19495 0.43721
-1.3393 1.2422
1.9845 2.0913
-1.8879 -3.6194
-2.4713 -1.4066
1.2378 1.9438
0.58495 0.67652
-1.295 -1.2305
-0.59173 -2.6696
-1.1224 -1.0988
0.73571 0.58474
-0.21592 0.40549
-1.3316 -5.1848
0.083239 -3.3164
-1.6557 -2.4816
0.24272 -0.16497
-0.66311 -2.5524
-0.018503 -0.75965
0.056477 -1.3615
-1.3295 -0.7579
1.3186 1.7635
-1.2259 -0.078451
-2.6322 -1.9932
-2.2587 -1.9426
-2.4856 -2.1267
-0.48941 3.3665
0.22781 1.1237
-0.78668 -0.93272
-0.36579 -3.4377
-3.351 -2.4219
-1.4383 -0.48971
-1.9726 0.99598
0.65574 -0.73959
0.65563 3.1224
-2.037 -1.7942
-2.2082 -5.9037
0.41201 0.12096
-2.6479 -0.51979
-0.48197 -1.368
-0.39905 -0.67058
-0.48453 -1.0572
0.48319 -0.30302
-4.1767 -3.758
-1.6505 -0.088516
1.4179 3.392
0.8139 -0.062096
0.04473 -3.3545
0.95103 1.6267
1.1622 0.14105
2.1419 2.1929
0.72266 1.6663
-0.31096 2.7257
0.42762 2.2436
0.14677 -0.026136
0.89615 1.1508
-0.14247 -0.24564
1.2643 0.4017
-1.2555 -1.0994
0.16363 -2.3853
-0.13629 1.3312
0.021206 2.3565
0.4687 1.3145
-0.70511 0.59017
-0.86662 1.71
-1.7821 -1.8141
1.6475 2.4901
-0.15303 -2.4016
1.2739 1.7874
1.4736 -0.67065
0.66442 -2.1762
-0.13567 -0.076307
-0.47542 -1.6454
-0.22127 -1.8444
-0.077066 0.37922
-0.64898 2.2276
-0.04867 1.3299
0.30563 -1.0477
0.79274 2.6102
-1.9605 -0.86202
-0.67322 -0.75054
2.383 3.1656
-0.63534 -2.843
2.0155 1.4201
-1.2478 -0.21115
1.2564 -1.59
1.1123 -0.305
0.5047 1.0704
-0.74739 -2.2161
1.037 1.4621
0.80007 0.094055
0.14899 2.0876
-0.27164 -1.0904
0.29769 2.9618
-2.1907 -0.96879
0.53628 1.1037
-2.1837 -1.672
-2.0847 -2.0553
0.2145 0.0031682
1.1508 -0.6088
0.13819 0.78627
0.71774 -0.78766
0.58489 2.7334
-3.3219 -3.1601
-1.7741 -1.2616
0.69786 0.55987
-0.2011 -1.7984
0.032404 -0.73441
0.056058 -0.67341
0.60612 5.0979
-3.1591 -3.1846
1.6427 -1.6751
-2.7529 -0.049635
-0.069262 -0.24051
-2.4369 -3.8178
0.24891 1.4099
0.028085 -0.42467
-1.3991 -1.9649
-1.6242 -0.82658
0.68885 0.026105
0.13361 0.25439
0.88845 3.5046
-2.5081 -2.4099
-0.703 -2.1436
-0.50209 -1.2357
-1.0324 -1.4124
3.1405 4.3652
-1.0114 3.2549
0.40298 -1.474
3.2178 3.1329
-1.7727 -0.28731
-1.1358 -0.56539
0.26564 -1.1043
-0.54863 2.2649
1.0591 0.57151
0.41541 0.92985
0.99387 1.2009
-1.9858 -4.5625
0.90777 0.10684
-0.64732 1.3971
-0.91734 -0.81695
1.0892 -0.82132
0.47024 1.5505
1.3215 1.8828
0.81847 0.17374
0.31644 -0.55122
-1.1969 -0.48212
0.0048782 -0.77108
-0.30247 -1.2983
0.7499 0.3335
-1.4289 -1.6884
1.8381 2.9375
-1.2478 -3.9204
-1.0789 0.17884
-0.86081 0.82091
-0.43467 1.8684
0.43591 -0.36516
-0.4452 0.008834
-0.17409 -0.039122
-1.1415 -2.2805
-1.2358 1.4873
-1.2481 -3.6454
-0.62643 -2.0568
-1.6346 -2.3246
-3.6224 -5.0341
1.4274 -0.30598
0.25369 2.5925
0.091896 -3.2395
0.14902 0.59332
3.1471 3.1957
-0.94968 2.8175
0.58994 -0.3102
0.61104 1.9313
-0.78585 -2.702
-1.3927 0.43655
1.6941 0.5077
-1.9325 -3.933
0.68707 -0.87593
0.84042 -0.43339
-1.4495 0.039867
2.3899 1.7083
0.81908 1.3665
2.0012 1.8449
1.1277 0.48247
-0.45427 -1.1869
0.39011 1.2296
1.1502 -0.26289
0.12461 -0.18883
2.5582 5.0456
-0.77476 0.78001
1.1734 1.1868
1.5693 -0.13431
3.4374 3.4496
0.24681 0.77278
-0.67829 1.6977
0.053599 -0.87272
-0.73082 -0.8173
0.67476 1.0378
2.3275 0.89368
-1.3465 -2.2238
-2.424 -1.4911
3.7605 2.2756
-2.2176 -1.8858
1.5887 -1.4509
0.66171 0.084539
-0.47991 -1.9264
-1.9808 2.5869
-0.06996 1.9995
-0.72728 -2.5814
0.053618 0.16505
-0.016639 -1.3702
0.85753 -1.611
-1.1221 2.4977
2.2242 0.53891
-0.16425 -0.34274
1.186 1.3233
-1.1117 0.11633
-0.72759 2.2724
-0.58814 -1.8147
-0.92475 -0.28767
1.7823 3.2822
-0.41726 1.1046
-1.6481 -0.89595
-0.22862 -1.0848
-1.128 0.061222
0.62267 -0.78945
0.28083 -0.78534
0.73798 0.88483
-1.0275 1.1988
0.015779 1.3648
-0.47 -1.9399
0.80212 0.30272
0.94103 -0.34279
-1.1142 -1.6281
0.85764 0.51715
-0.94586 -4.0688
-2.3888 -1.2116
8.7923 7.404
8.9095 11.024
13.554 10.918
12.447 10.573
7.9957 7.7284
11.196 11.927
16.467 13.242
12.079 10.239
13.834 10.546
9.5672 9.9836
8.0937 13.459
8.1913 8.0378
9.7023 11.582
7.9294 8.6203
12.603 9.7712
11.418 6.5552
11.454 10.682
14.57 15.533
6.524 6.9903
11.397 9.5144
13.16 13.164
12.668 11.623
10.89 9.3331
10.819 12.645
9.0247 9.7139
10.709 12.039
7.9906 13.192
12.886 12.966
9.0783 7.5944
6.2741 10.587
13.324 10.238
12.956 9.9643
10.773 9.2966
13.636 13.999
11.467 12.752
11.66 9.9186
9.5168 10.125
13.687 13.753
11.432 13.39
10.771 11.961
8.9674 9.7084
8.6324 9.3891
11.001 10.941
8.9211 9.1366
14.636 13.216
11.918 10.605
13.017 11.277
8.2974 11.157
8.7584 12.319
8.1279 9.4398
9.1096 8.4391
10.815 8.033
12.953 9.2513
7.6157 10.85
12.09 10.988
8.0036 11.426
11.807 14.232
12.704 11.037
10.373 10.583
12.761 12.356
7.9667 7.5209
11.28 9.8631
10.159 12.12
9.3649 13.589
14.895 10.895
11.288 11.558
11.083 10.398
12.946 11.945
7.6847 9.2799
12.37 12.77
13.37 12.41
7.2807 7.528
12.657 12.368
11.793 10.973
9.648 10.01
9.0395 11.213
11.519 11.782
9.3102 10.155
9.2568 9.5667
13.124 10.883
14.203 12.506
8.675 7.5366
12.195 12.473
10.721 12.85
15.628 10.365
12.37 13.953
5.2386 9.2179
6.5372 6.8097
9.4716 7.9648
8.7784 9.138
10.502 8.8407
8.5708 7.9132
11.31 10.212
11.214 9.3966
10.234 10.017
9.7058 11.551
12.91 11.746
11.934 9.1586
9.1418 7.3059
8.5859 8.3663
10.554 10.335
13.087 8.5279
10.007 10.765
9.3586 11.868
12.843 11.895
13.428 11.655
8.8784 10.237
10.741 10.671
8.2802 4.7338
10.565 9.2555
11.414 11.201
11.038 12.176
12.623 12.972
4.6825 6.776
10.121 8.8117
10.483 8.8884
10.459 7.5384
8.0324 6.1418
15.228 14.436
9.8676 12.266
10.721 10.167
12.962 10.42
13.256 10.674
5.4839 8.2
9.4966 11.506
11.616 13.797
12.341 15.02
13.194 9.3199
11.242 12.047
8.98 8.2217
14.108 10.312
10.233 11.027
9.2043 6.4823
10.592 10.086
12.451 12.175
7.5881 10.578
7.5207 8.0359
10.862 7.8863
13.896 11.856
8.4215 10.66
12.52 9.4261
11.659 12.77
13.871 11.951
10.707 8.0043
11.843 12.315
9.6358 13.192
11.604 6.8341
10.276 7.8889
12.41 14.295
8.0726 6.8716
8.5843 8.343
9.7426 13.335
10.324 10.481
9.31 12.66
11.743 8.7871
7.7677 9.4787
11.309 8.4417
12.423 8.8751
7.2431 8.8521
8.631 10.731
11.076 13.054
7.3957 10.414
9.9907 9.6259
11.105 12.519
10.248 7.2486
7.6829 9.3339
11.359 11.196
7.5948 6.7805
11.971 15.432
10.947 9.3739
9.6864 10.307
12.422 11.878
7.9814 9.3953
9.4262 7.7671
10.993 8.6692
11.74 12.442
7.4205 8.683
11.612 12.328
11.511 10.886
8.0291 11.266
12.103 9.441
8.112 10.729
10.968 12.392
9.1754 12.249
11.584 7.17
9.4079 11.248
8.1443 9.387
12.024 11.905
11.945 8.9589
11.58 11.973
14.401 11.899
10.044 11.621
11.666 11.642
12.296 11.26
8.6879 9.1909
12.463 13.265
10.437 11.373
7.845 9.9666
13.32 9.8457
10.267 7.3895
15.481 16.176
11.498 11.439
8.3033 10.38
7.9309 12.043
12.315 9.7102
11.557 12.165
9.5375 8.4819
12.746 9.2745
11.427 8.6442
6.433 9.2834
15.927 10.536
13.568 10.603
13.957 13.16
14.39 13.546
11.914 7.1937
11.117 11.751
10.539 11.869
12.547 10.252
14.855 11.84
13.782 12.841
7.1761 11.177
13.826 13.927
11.545 9.7516
8.2693 9.7969
7.5686 8.5279
10.163 11.763
7.0842 9.1243
10.518 5.3877
10.557 11.914
11.107 8.0544
10.674 11.644
12.487 10.307
9.5834 10.362
10.618 10.28
11.444 14.169
10.436 10.611
13.929 12.567
7.1521 6.858
9.2063 8.0809
10.031 9.8843
9.478 6.2209
12.025 14.156
11.379 8.3996
11.081 12.565
10.618 13.489
13.87 12.152
8.9462 10.57
10.752 8.6768
9.8887 12.098
9.3759 6.6557
12.541 14.163
8.3557 8.4465
11.861 11.501
14.137 13.069
13.495 12.019
10.62 6.4901
5.0972 9.8687
11.125 9.6499
9.7447 9.9215
9.1949 10.374
9.9234 10.731
8.4659 7.1329
12.499 11.731
10.911 11.981
10.327 11.102
9.0293 12.591
13.314 11.968
7.5598 7.2103
7.189 10.063
12.358 12.158
11.339 11.003
8.6854 9.6977
9.3306 7.6859
8.922 9.7672
11.513 10.823
10.296 11.075
8.0013 5.1229
10.068 6.608
8.0333 8.4194
10.776 10.191
9.2605 7.8566
10.354 9.6267
10.351 8.8914
8.7185 10.263
12.43 11.91
8.9576 11.002
6.8934 9.4593
7.3678 9.3374
7.0549 9.2334
10.433 14.647
10.966 11.695
9.3677 9.7976
9.4886 6.6845
5.9273 9.3095
8.6261 10.628
8.1991 12.612
11.199 9.3235
11.822 13.809
7.6684 9.4023
6.7912 4.7123
11.034 10.441
7.1117 11.178
9.6777 9.1445
9.8938 9.9144
9.7247 9.5067
11.054 9.9141
4.6812 8.1575
8.426 11.196
12.817 13.753
11.506 10.034
10.014 6.5823
11.949 11.929
11.973 10.101
13.527 12.01
11.671 12.085
10.552 13.816
11.396 12.899
10.679 10.399
11.804 11.403
10.283 10.284
12.143 10.354
8.7558 9.831
10.319 7.6504
10.545 12.112
10.907 13.227
11.297 11.8
9.7154 11.527
9.6946 12.906
7.9833 9.2558
12.958 12.594
9.9213 7.7848
12.378 11.959
12.231 9.0076
10.978 7.6508
10.318 10.477
9.6411 8.8192
9.9261 8.465
10.465 10.978
10.05 13.401
10.654 12.068
10.712 9.1352
11.911 13.148
7.9143 10.448
9.5387 9.9542
13.985 13.023
9.2482 7.5056
13.244 11.174
8.9088 10.859
11.811 8.045
11.839 9.6072
11.303 11.499
9.2096 8.2879
12.03 11.696
11.514 10.222
11.023 12.852
9.985 9.3651
11.35 13.796
7.6098 10.435
11.347 11.522
7.505 9.6153
7.5667 9.1221
10.768 10.4
11.838 9.2358
10.799 11.346
11.269 9.2377
11.671 13.391
5.8444 8.4381
8.0824 9.8937
11.461 10.812
9.9587 8.5086
10.422 9.6313
10.461 9.6907
12.079 16.127
6.0436 8.3308
12.28 7.7592
7.0566 11.775
10.375 10.254
6.8427 7.2457
11.038 12.017
10.466 9.9932
8.4368 8.8953
8.3398 10.326
11.364 10.197
10.708 10.731
12.174 14.14
6.981 8.9154
9.2767 8.3507
9.6739 9.3079
8.9837 9.3594
15.124 14.049
9.7633 14.77
10.765 8.5929
15.021 12.581
8.2415 11.025
8.9914 10.393
10.653 9.0888
10.181 13.396
11.914 10.651
11.169 11.379
11.934 11.414
7.2853 6.1624
11.65 10.185
9.9177 12.436
9.2234 9.9953
11.727 9.0188
11.337 12.073
12.453 12.047
11.549 10.306
10.806 9.7066
8.9285 10.52
10.382 9.6021
9.913 9.1385
11.49 10.524
8.4443 9.2308
13.268 13.022
8.31 6.5508
9.1825 11.23
9.5583 11.87
10.259 12.88
10.985 9.8648
9.9459 10.726
10.276 10.539
8.7074 8.404
9.1979 12.826
8.3539 6.8704
9.3862 8.4145
8.0849 8.5915
5.1669 6.407
12.232 9.4536
11.235 13.388
10.092 6.693
10.782 11.117
14.943 12.688
9.7697 14.232
11.186 9.8541
11.574 12.447
9.0831 7.7422
8.8326 11.681
12.696 10.269
7.4535 6.8676
11.216 9.15
11.479 9.5898
8.6975 11.248
13.758 11.327
11.743 11.691
13.295 11.674
11.985 10.514
9.7415 9.3414
11.185 11.739
11.893 9.6378
10.625 10.22
14.507 15.122
9.6591 11.781
12.156 11.31
12.437 9.5842
15.346 12.842
10.933 11.278
9.9276 12.8
10.426 9.4604
9.4561 9.9046
11.51 11.379
13.549 10.411
8.4607 8.5691
7.2343 9.9418
15.56 11.322
7.4282 9.3834
12.248 8.0457
11.339 10.278
9.5901 8.495
8.4457 14.464
10.735 12.856
9.1757 7.854
10.594 10.666
10.258 8.9166
11.31 8.2137
9.503 13.944
13.363 10.049
10.24 10.181
12.194 11.463
9.1315 11.173
9.9589 13.491
9.4731 8.677
9.2996 10.614
13.254 13.449
10.158 11.985
8.2987 10.257
10.04 9.3508
9.1023 11.117
11.15 9.2816
10.724 9.4519
11.564 11.17
9.4113 12.39
10.74 12.077
9.6003 8.4744
11.55 10.463
11.619 9.6463
8.8467 9.1485
11.654 10.685
8.6628 6.2323
7.3234 10.249
-9.0816 11.514
-11.116 15.546
-5.7892 12.645
-6.8375 12.917
-10.179 12.358
-9.0663 15.201
-3.8795 13.535
-7.0548 12.759
-5.2491 12.056
-9.7479 13.973
-13.499 18.794
-10.142 12.592
-10.552 15.704
-10.788 13.409
-6.1805 11.915
-5.5972 8.9795
-8.028 13.635
-7.4014 17.267
-11.404 12.403
-7.3933 12.346
-7.5811 15.427
-7.2162 13.975
-7.8592 12.444
-9.9229 16.24
-10.201 13.992
-9.6841 15.618
-13.456 18.553
-7.773 15.366
-8.8715 11.558
-13.841 16.629
-5.6419 12.011
-5.8961 11.922
-7.9705 12.473
-7.5405 16.087
-9.252 15.973
-7.3375 12.647
-9.8898 14.164
-7.3357 15.778
-9.6735 16.716
-9.5676 15.493
-10.263 14.021
-10.451 13.859
-8.6964 14.2
-9.973 13.4
-5.9395 14.602
-7.4557 13.269
-6.6132 13.374
-11.89 16.064
-12.063 17.104
-11.053 14.219
-9.3417 12.497
-7.166 11.016
-5.4724 11.116
-12.478 16.124
-7.4906 13.601
-12.384 16.544
-9.7533 17.447
-6.8236 13.288
-9.1931 14.17
-7.5487 14.749
-10.087 12.141
-7.7343 12.811
-10.356 16.04
-12.136 18.18
-4.2559 11.816
-8.7398 14.726
-8.278 13.535
-7.0933 14.173
-11.46 14.303
-8.2396 15.452
-6.8913 14.446
-10.869 12.559
-7.6744 14.825
-7.8182 13.762
-9.6721 13.955
-11.082 15.683
-8.6122 14.842
-10.142 14.322
-9.8501 13.687
-6.2554 12.863
-6.0047 14.056
-9.2939 11.734
-8.2602 15.221
-10.157 16.531
-3.107 10.776
-8.9478 16.793
-14.195 15.697
-11.281 12.191
-8.6475 11.743
-10.136 13.487
-8.0037 12.118
-9.6375 12.224
-7.91 13.189
-7.5299 12.322
-9.0118 13.611
-10.529 15.666
-7.0147 13.969
-6.5722 11.621
-8.6267 11.193
-9.8916 12.728
-8.8396 13.781
-4.8875 10.216
-9.7177 14.596
-11.112 16.233
-7.18 14.178
-6.3727 13.555
-10.68 14.673
-8.8297 14.05
-8.063 8.7944
-8.1811 12.551
-8.3837 14.247
-9.3942 15.578
-8.0748 15.531
-13.363 13.263
-8.4189 12.314
-8.0544 12.184
-7.2735 10.668
-9.1869 10.538
-5.998 15.629
-10.774 16.38
-8.5506 13.491
-6.1613 12.435
-5.9809 12.547
-13.308 14.397
-10.74 15.741
-9.7095 17.068
-9.6201 18.02
-5.2407 11.05
-9.0853 15.309
-9.3584 12.328
-4.7983 11.627
-9.6183 14.757
-8.0628 10.223
-8.6486 13.476
-7.7914 14.729
-12.347 15.832
-10.901 12.991
-7.0253 10.821
-5.9635 13.504
-11.451 15.426
-6.0674 11.573
-9.0458 15.878
-6.0478 13.625
-7.2709 11.048
-8.5644 15.252
-11.591 17.569
-5.5539 9.1845
-7.6902 11.175
-9.1083 17.158
-9.5784 11.341
-9.8795 12.703
-11.556 17.667
-9.1887 14.084
-11.642 17.161
-6.5656 11.315
-11.485 14.479
-6.8505 11.183
-5.8475 11.007
-11.704 14.083
-11.256 15.381
-9.8765 16.549
-12.467 15.761
-9.0539 13.314
-9.5232 15.926
-7.3382 10.466
-11.494 14.365
-8.4432 14.275
-10.065 11.524
-10.286 18.709
-7.8187 12.456
-9.8066 14.269
-7.6466 14.411
-11.193 14.256
-8.5806 11.546
-7.3453 11.63
-8.7576 15.458
-11.402 13.785
-8.8349 15.406
-8.085 13.832
-12.259 16.348
-6.5494 11.84
-11.843 15.689
-9.6024 15.864
-11.548 16.775
-5.7772 9.5769
-10.685 15.501
-11.003 14.149
-8.1139 14.68
-6.4395 11.388
-8.6578 15.023
-5.4173 13.25
-10.188 15.544
-8.363 14.597
-7.4198 13.786
-10.27 13.601
-8.4308 15.958
-9.5943 15.027
-11.69 14.985
-5.4119 11.57
-7.4013 10.614
-6.7535 17.45
-8.4315 14.467
-11.418 15.179
-12.836 17.287
-6.4707 12.018
-8.7996 15.255
-8.8825 12.289
-5.7209 11.266
-6.8385 11.342
-12.881 15.056
-2.8718 10.792
-5.5846 12.279
-6.6749 14.945
-6.416 15.123
-5.418 9.4065
-9.0497 15.048
-9.7753 15.528
-6.5322 12.494
-4.867 12.911
-6.6822 14.688
-13.172 16.757
-7.283 15.892
-7.3671 12.526
-11.107 14.539
-11.141 13.52
-10.138 15.633
-12.047 14.486
-5.9185 8.1955
-9.7821 15.569
-6.8482 10.865
-9.4886 15.193
-6.6322 12.591
-9.956 14.392
-8.7352 13.681
-10.127 17.593
-9.1391 14.165
-6.3519 14.29
-10.613 11.877
-9.0176 12.033
-9.1632 13.583
-7.596 9.7625
-9.4609 17.23
-6.7461 11.093
-9.5776 15.992
-10.657 17.317
-6.1697 13.854
-10.803 15.01
-7.6224 11.783
-10.65 16.177
-7.9721 10.316
-8.8801 16.929
-10.201 12.957
-8.0568 14.319
-6.4165 14.734
-6.5155 13.928
-6.4634 9.384
-14.745 16.52
-7.7829 12.662
-9.5096 13.797
-10.404 14.639
-9.7916 14.607
-9.289 11.402
-7.4721 14.198
-9.4205 15.432
-9.5563 14.786
-11.919 17.251
-6.6899 13.979
-10.362 12.032
-12.491 15.487
-7.8868 14.767
-8.3499 14.067
-10.576 14.177
-8.6403 11.511
-10.35 14.114
-8.0459 13.76
-9.5758 14.774
-8.6121 9.4023
-7.1586 9.8476
-10.55 13.119
-8.5018 13.484
-8.822 11.746
-8.6422 13.098
-8.206 12.266
-10.877 14.799
-7.6567 14.442
-11.049 15.493
-12.464 14.98
-11.854 14.558
-12.146 14.627
-11.559 18.74
-9.1876 15.075
-9.8626 13.882
-7.8616 10.282
-13.469 15.389
-11.2 15.267
-12.872 17.771
-7.5035 12.248
-9.4829 16.958
-11.552 14.452
-9.7377 9.6616
-8.3599 13.614
-13.246 16.797
-9.1203 12.956
-9.3364 13.699
-9.2839 13.339
-8.0213 13.004
-14.192 14.829
-11.767 16.031
-8.322 16.299
-7.5812 12.87
-7.2047 9.851
-8.213 14.752
-7.0918 12.666
-6.4737 13.899
-8.6224 15.096
-10.927 17.727
-9.4211 16.182
-8.7365 13.778
-8.0626 14.242
-9.1169 13.885
-7.0513 12.852
-10.576 14.286
-7.4988 10.879
-9.9145 15.8
-10.171 16.846
-8.8749 14.996
-10.504 15.633
-11.353 17.209
-11.107 14.097
-7.4686 14.902
-8.03 11.269
-7.7451 14.529
-6.1451 11.272
-6.7525 10.485
-9.1921 14.083
-8.967 12.609
-8.4319 12.037
-9.3257 14.562
-11.248 17.558
-9.7645 15.685
-7.9423 12.326
-8.9867 16.156
-11.899 15.489
-9.7626 13.957
-6.5613 14.773
-8.6257 11.356
-6.2931 13.12
-11.018 15.359
-6.0441 10.433
-6.9482 12.187
-8.6885 14.651
-9.1379 12.266
-7.9821 14.439
-7.6848 13.078
-9.8159 16.353
-8.9041 13.022
-10.011 17.226
-12.237 15.657
-8.6517 14.651
-11.865 14.791
-11.499 14.195
-8.6361 13.726
-6.727 11.766
-9.1675 14.78
-7.3732 12.109
-9.4041 16.576
-13.041 14.451
-11.377 14.76
-8.0977 13.778
-8.4211 12.067
-8.5684 13.062
-8.5594 13.106
-10.58 19.432
-12.752 14.21
-5.3422 9.8284
-13.666 17.507
-8.9948 13.796
-11.196 12.502
-9.2984 15.397
-8.7345 13.446
-10.377 13.417
-11.344 15.097
-7.8395 13.139
-8.9027 14.137
-9.282 17.123
-12.039 14.311
-9.0995 12.297
-9.2224 13.144
-10.035 13.615
-5.8852 15.254
-12.392 19.28
-7.5579 11.68
-5.1219 13.651
-11.874 15.947
-10.646 14.782
-7.9814 12.309
-11.096 17.473
-7.4881 13.325
-8.7686 14.596
-7.9217 14.177
-10.046 11.009
-7.5078 12.954
-10.819 16.543
-10.145 14.192
-6.723 11.587
-8.9932 15.282
-7.7129 14.584
-7.6943 13.151
-8.1783 12.918
-10.793 14.963
-8.5965 13.053
-8.8501 12.809
-7.893 13.435
-10.57 13.793
-7.373 15.201
-9.1173 10.836
-10.93 15.616
-10.888 16.117
-10.698 16.842
-8.07 12.99
-9.7632 14.588
-9.2766 14.178
-9.7766 12.698
-11.868 17.415
-9.2588 11.172
-9.0135 12.303
-10.594 13.283
-12.593 12.555
-6.4107 11.777
-9.8963 16.833
-7.1832 9.9301
-9.0501 14.53
-5.2747 13.819
-12.062 18.667
-7.8357 12.857
-8.9485 15.564
-8.9545 11.723
-11.597 16.337
-6.3733 12.424
-10.278 11.708
-7.3803 12.041
-7.3457 12.382
-11.491 15.927
-5.8028 12.986
-8.3045 14.605
-6.5351 13.657
-7.3255 13.127
-9.1659 13.141
-8.9654 14.994
-6.9052 12.189
-8.6909 13.608
-7.2263 16.838
-10.72 15.955
-7.6086 13.927
-6.2568 11.803
-4.91 13.753
-8.9754 14.623
-11.026 16.949
-8.4614 12.866
-9.8266 13.95
-8.3819 14.391
-5.4916 12.074
-10.155 13.033
-12.367 15.323
-3.7578 11.902
-11.813 14.574
-5.549 10.172
-7.9157 13.246
-8.8306 12.273
-13.701 19.722
-10.144 16.529
-8.9165 11.794
-8.9932 14.132
-8.3261 12.35
-6.7131 10.924
-12.192 18.5
-5.4859 11.775
-9.1043 13.795
-7.6571 14.077
-10.954 15.582
-11.404 17.714
-9.0723 12.549
-10.428 14.848
-7.6448 15.693
-10.277 15.888
-11.349 15.043
-8.8337 12.973
-10.954 15.536
-7.5343 12.23
-8.119 12.678
-8.1958 14.123
-11.365 16.794
-9.6725 15.644
-8.8068 12.243
-7.7882 13.33
-7.2207 12.362
-10.064 13.458
-7.8035 13.519
-8.5267 10.264
-12.45 15.618
