   2.7000000e-01  -4.0000000e+00   1.6774357e+00
   8.1500000e-01   1.0333333e+00   5.7843849e-01
  -1.7500000e-01  -4.8666667e+00   1.0698103e+00
  -2.0000000e-02  -4.6000000e+00   1.1303236e+00
   9.3500000e-01   3.6666667e+00   4.6720585e+00
   8.5000000e-01  -4.5333333e+00   2.3352772e+00
   7.5500000e-01  -8.0000000e-01  -1.1110163e-02
   6.4000000e-01   2.4666667e+00   2.5980584e+00
   8.4000000e-01   3.7000000e+00   3.8282813e+00
   7.0000000e-01  -4.1333333e+00   2.3814545e+00
   4.9000000e-01   1.8333333e+00   1.3046397e+00
   6.7500000e-01  -4.4666667e+00   1.6841356e+00
   9.1000000e-01   3.6333333e+00   4.4801095e+00
   3.3000000e-01   1.8666667e+00   1.2189950e+00
  -2.8500000e-01   1.6333333e+00   1.3772997e+00
  -3.4500000e-01   1.5000000e+00   1.3423479e+00
   7.0500000e-01  -3.1000000e+00   3.3171847e+00
   7.5000000e-02  -1.4000000e+00   7.4781729e-01
  -5.0000000e-03   4.1666667e+00   1.5214718e+00
  -3.5000000e-02  -2.2666667e+00   1.6551854e+00
   7.5000000e-02  -2.6000000e+00   1.8546490e+00
   6.5000000e-02   2.2333333e+00   1.5959151e+00
   9.2000000e-01   4.9666667e+00   1.7283817e+00
   5.7500000e-01  -2.3000000e+00   2.1729041e+00
  -3.7000000e-01   1.7333333e+00   1.5259127e+00
   3.6000000e-01  -4.3333333e-01  -4.8542549e-01
   8.8000000e-01  -1.9666667e+00   3.0246386e+00
   6.4500000e-01  -1.8666667e+00   1.6849170e+00
   2.1000000e-01   1.5333333e+00   7.9634919e-01
   5.0500000e-01   1.1333333e+00   1.9375094e-01
   2.0500000e-01  -9.6666667e-01   1.4759525e-01
   4.8500000e-01  -3.2333333e+00   2.4938144e+00
   5.0000000e-01   1.7666667e+00   1.2114996e+00
   6.3000000e-01  -4.6000000e+00   1.3052036e+00
   5.8500000e-01   1.8000000e+00   1.4135957e+00
  -1.9000000e-01  -1.4000000e+00   1.0765920e+00
   1.4000000e-01  -3.4666667e+00   1.9721443e+00
   9.2500000e-01  -5.6666667e-01   2.6745936e-01
   2.5000000e-02   4.8000000e+00   8.8592623e-01
  -1.0000000e-02  -3.5333333e+00   1.9251485e+00
  -1.7000000e-01   4.0000000e-01   4.1563494e-01
   4.5000000e-01  -4.6666667e-01  -5.5094377e-01
  -2.6500000e-01   4.4000000e+00   1.5432045e+00
   5.0000000e-03   3.3000000e+00   1.9874547e+00
   2.2500000e-01   4.8000000e+00   7.2647597e-01
   3.8500000e-01   2.1333333e+00   1.6042357e+00
   3.5000000e-01  -4.1333333e+00   1.5908487e+00
   4.3000000e-01   4.3333333e+00   1.4068520e+00
   9.4500000e-01  -3.6666667e-01   1.4136054e-01
  -1.3000000e-01  -2.3333333e+00   1.7508527e+00
   2.1500000e-01   4.4000000e+00   1.2213564e+00
   5.4000000e-01  -1.3666667e+00   5.8912776e-01
   8.2000000e-01   2.3000000e+00   3.2726387e+00
   5.9500000e-01  -2.2000000e+00   2.0906563e+00
   3.9500000e-01   2.6666667e-01  -6.0855787e-01
   5.1500000e-01  -2.2333333e+00   1.9359834e+00
   5.7000000e-01  -7.6666667e-01  -2.9280974e-01
   8.5000000e-01  -2.7000000e+00   4.0337947e+00
   6.5000000e-02   3.3333333e-02  -1.2708103e-01
   3.3500000e-01   4.8333333e+00   6.4480883e-01
   4.5000000e-01  -1.4666667e+00   6.8666057e-01
   2.7500000e-01   1.0333333e+00   1.4597967e-01
  -1.1000000e-01   7.6666667e-01   4.7536846e-01
   9.3000000e-01  -8.0000000e-01   6.6547037e-01
   1.2500000e-01   2.2333333e+00   1.5894430e+00
   6.0500000e-01  -2.5666667e+00   2.5794677e+00
   2.8000000e-01   4.7000000e+00   8.3527847e-01
   8.4500000e-01  -2.4000000e+00   3.6075714e+00
   2.0500000e-01   2.3000000e+00   1.6627565e+00
   1.2500000e-01   1.7000000e+00   1.0384217e+00
   8.2000000e-01   3.3333333e+00   3.9887498e+00
   4.8000000e-01   2.6666667e+00   2.3093363e+00
   1.2500000e-01   4.3000000e+00   1.3465867e+00
  -1.0000000e-02  -1.0333333e+00   5.0323473e-01
   4.6000000e-01  -4.0000000e-01  -6.0255272e-01
   1.2500000e-01  -1.1000000e+00   3.7842998e-01
   8.3500000e-01   4.7333333e+00   1.7888163e+00
   6.6000000e-01   9.0000000e-01  -3.6291739e-02
   3.0000000e-01  -7.0000000e-01  -2.1696796e-01
   2.2000000e-01  -4.3333333e-01  -2.9276512e-01
   4.2500000e-01  -1.3333333e+00   4.7565251e-01
   5.2500000e-01   2.1333333e+00   1.8196505e+00
   1.5000000e-01  -2.6000000e+00   1.8711479e+00
   8.4500000e-01   9.3333333e-01   5.0541919e-01
   9.4500000e-01  -4.0000000e-01   1.7343466e-01
   1.1500000e-01   4.2333333e+00   1.4167468e+00
   2.0000000e-02  -2.1333333e+00   1.5245159e+00
  -3.0000000e-02  -3.4666667e+00   1.9504926e+00
   4.7000000e-01   1.4333333e+00   6.4470250e-01
   7.5000000e-01   4.3333333e-01  -4.6942381e-01
   7.3000000e-01  -1.7666667e+00   1.7823747e+00
   6.3500000e-01   3.8333333e+00   2.5591219e+00
   1.9000000e-01   4.3333333e-01  -2.4512845e-01
   2.7500000e-01   4.7666667e+00   7.4856536e-01
   5.3500000e-01   2.7000000e+00   2.4741273e+00
   7.7500000e-01   4.1666667e+00   2.6790426e+00
   6.3000000e-01   4.7666667e+00   9.9276253e-01
   6.1000000e-01  -1.3333333e-01  -7.7161512e-01
   6.8000000e-01   5.6666667e-01  -4.4502008e-01
   3.3000000e-01   6.0000000e-01  -3.3458860e-01
   2.5000000e-01  -1.4000000e+00   6.0866217e-01
   6.1000000e-01  -1.8666667e+00   1.5891003e+00
   7.0000000e-02   6.0000000e-01   5.0044715e-02
   9.0000000e-01   1.9666667e+00   3.1713799e+00
   1.9000000e-01   4.0000000e-01  -2.6144106e-01
   3.5000000e-02   1.4000000e+00   7.9024521e-01
   7.2500000e-01  -8.3333333e-01  -2.7236957e-02
   3.6000000e-01   4.7000000e+00   8.3317995e-01
   3.8500000e-01  -5.6666667e-01  -4.1946588e-01
  -3.7000000e-01   3.1333333e+00   2.1048472e+00
   8.3500000e-01   1.9666667e+00   2.7258481e+00
   8.6000000e-01   3.0000000e-01  -2.8225198e-01
   8.5000000e-01   2.7666667e+00   4.0957078e+00
   7.5500000e-01  -3.0000000e-01  -5.6137386e-01
   8.4500000e-01   4.8666667e+00   1.5332032e+00
   8.8500000e-01   2.6666667e+00   4.2809864e+00
   6.2000000e-01   2.6333333e+00   2.6969507e+00
   7.1000000e-01   3.3000000e+00   3.3195879e+00
   9.9000000e-01   5.6666667e-01   6.4071174e-01
   6.7500000e-01   2.7333333e+00   3.0089863e+00
  -1.7000000e-01  -1.0000000e+00   7.3686765e-01
   1.9500000e-01  -1.3666667e+00   6.0342312e-01
   3.2500000e-01   2.3666667e+00   1.8023481e+00
   2.6000000e-01   6.6666667e-02  -4.7018735e-01
  -2.0000000e-02   1.4666667e+00   9.1850843e-01
  -3.5000000e-02   2.3000000e+00   1.6795402e+00
   8.5500000e-01   5.3333333e-01  -7.8083278e-02
   9.1500000e-01  -2.0000000e-01  -1.2241912e-01
   2.4500000e-01  -5.0000000e-01  -2.9265813e-01
   2.9500000e-01   3.0666667e+00   2.1555254e+00
   4.7000000e-01   3.5000000e+00   2.3622757e+00
   9.1500000e-01  -1.4000000e+00   1.9002171e+00
   2.9000000e-01   1.5333333e+00   7.6691985e-01
   7.7000000e-01   1.8333333e+00   2.0920427e+00
   9.6000000e-01   3.7333333e+00   4.8279820e+00
   3.0500000e-01   2.5333333e+00   1.9281632e+00
   1.5000000e-01   4.9000000e+00   6.5888871e-01
  -3.0000000e-02  -6.6666667e-02   6.2582330e-02
   6.7500000e-01   1.9000000e+00   1.8413222e+00
   7.0000000e-02   4.1000000e+00   1.5517273e+00
  -1.0000000e-02   4.8666667e+00   8.5796159e-01
   8.6500000e-01   3.5333333e+00   4.1995883e+00
   5.7000000e-01   2.2000000e+00   2.0213713e+00
   9.8000000e-01   0.0000000e+00   1.6068761e-01
   2.5000000e-02   3.0000000e-01  -3.8806841e-03
   3.2000000e-01   5.0000000e-01  -3.9486848e-01
   3.5500000e-01  -3.0000000e-01  -5.4768776e-01
   8.4000000e-01   3.2333333e+00   4.1703966e+00
   7.4500000e-01  -1.8666667e+00   2.0471672e+00
   4.0500000e-01   2.2333333e+00   1.7490762e+00
   3.5000000e-01   1.1666667e+00   2.5628318e-01
   8.3000000e-01   9.6666667e-01   5.0816506e-01
   7.6500000e-01   4.3666667e+00   2.2392551e+00
   7.2500000e-01   1.8000000e+00   1.8302247e+00
   5.2500000e-01   2.0666667e+00   1.7223872e+00
   9.2500000e-01   4.6666667e+00   2.5104127e+00
   2.8500000e-01   3.0000000e+00   2.1343360e+00
   5.1500000e-01  -2.3000000e+00   2.0216017e+00
   5.6000000e-01   2.2000000e+00   1.9955223e+00
   8.3500000e-01  -3.6666667e-01  -3.1452177e-01
   5.0000000e-01   1.7666667e+00   1.2114996e+00
   7.0500000e-01  -2.5666667e+00   2.9935664e+00
   9.8500000e-01   3.3333333e-02   1.9157698e-01
   7.5000000e-01   6.6666667e-01  -2.1181905e-01
   9.6000000e-01   7.3333333e-01   7.1999672e-01
  -3.4500000e-01   2.0000000e+00   1.6871691e+00
  -2.0000000e-02   1.2333333e+00   6.9585369e-01
   6.2000000e-01   2.8666667e+00   2.8621208e+00
   3.4500000e-01   8.0000000e-01  -1.6984460e-01
   7.9500000e-01   2.0333333e+00   2.6283927e+00
   5.1000000e-01   2.2666667e+00   1.9685513e+00
   6.8500000e-01   3.8666667e+00   2.7193701e+00
   4.2000000e-01   1.8000000e+00   1.1788822e+00
   7.2500000e-01   1.0666667e+00   3.6375433e-01
   4.8000000e-01   4.2000000e+00   1.6644164e+00
   1.5000000e-01   1.0000000e+00   2.4784345e-01
   8.5500000e-01   3.3333333e+00   4.2550087e+00
   1.2500000e-01   1.2666667e+00   5.5308581e-01
   2.0000000e-02   1.3666667e+00   7.7359777e-01
   8.5000000e-01   3.3333333e+00   4.2153557e+00
  -1.7500000e-01   2.6333333e+00   1.9321504e+00
   9.0000000e-01   4.0000000e+00   3.8306329e+00
   6.9500000e-01   3.1000000e+00   3.2661522e+00
   7.2500000e-01  -1.1000000e+00   4.2455950e-01
  -1.7000000e-01   6.0000000e-01   4.9639508e-01
   7.8000000e-01   1.5333333e+00   1.4920488e+00
   3.9500000e-01   1.0000000e+00   2.1344035e-02
   4.9000000e-01   3.9333333e+00   2.0278803e+00
   8.3000000e-01   2.4666667e+00   3.6013916e+00
   8.9500000e-01  -2.2333333e+00   3.6955400e+00
   8.0500000e-01   3.7333333e+00   3.5431590e+00
   9.5500000e-01   4.2333333e+00   3.8185183e+00
   2.7000000e-01   4.1666667e+00   1.5011041e+00
   6.4500000e-01  -4.3333333e-01  -6.0063515e-01
   7.0000000e-01   3.4666667e+00   3.1877476e+00
   9.2000000e-01   2.3333333e+00   4.0928974e+00
   7.4000000e-01  -4.0000000e+00   2.7844486e+00
  -5.0000000e-03   2.8333333e+00   1.9531356e+00
   9.5500000e-01   7.3333333e-01   6.9000810e-01
   7.3500000e-01  -2.5666667e+00   3.1465047e+00
   5.5000000e-01   2.6666667e+00   2.4921014e+00
   7.5000000e-02  -8.0000000e-01   1.8005306e-01
   9.8500000e-01   3.1666667e+00   5.5448715e+00
   9.1500000e-01   3.0000000e+00   4.7963756e+00
   5.4500000e-01  -4.6666667e-01  -5.9648002e-01
  -2.8500000e-01   3.7333333e+00   1.9544516e+00
  -1.3000000e-01   2.8333333e+00   1.9810059e+00
   7.6000000e-01   4.4666667e+00   2.0110626e+00
   6.5000000e-01   4.0333333e+00   2.3443586e+00
   1.1500000e-01  -2.2666667e+00   1.6188101e+00
   5.4500000e-01  -2.3000000e+00   2.0927863e+00
   2.1000000e-01   2.4333333e+00   1.7795284e+00
   8.1000000e-01   3.3666667e+00   3.9018899e+00
   5.4000000e-01  -4.6000000e+00   1.1294425e+00
   6.6500000e-01   1.8666667e+00   1.7463669e+00
   6.4000000e-01   2.5000000e+00   2.6367285e+00
  -1.7500000e-01  -1.1000000e+00   8.1803217e-01
  -3.7000000e-01   9.0000000e-01   9.8476913e-01
   8.3000000e-01   3.9000000e+00   3.4756698e+00
   2.0500000e-01  -4.6000000e+00   9.8255599e-01
   6.5500000e-01   0.0000000e+00  -7.7145327e-01
   9.4000000e-01   6.6666667e-02  -4.9017351e-02
   6.5500000e-01   3.6000000e+00   2.8800770e+00
   8.1500000e-01   1.4000000e+00   1.3510567e+00
   3.2500000e-01   3.5666667e+00   2.0743591e+00
   8.6000000e-01   4.5666667e+00   2.3185094e+00
   8.9500000e-01   4.1333333e+00   3.5294018e+00
   5.0500000e-01   4.8333333e+00   6.9580598e-01
   3.8500000e-01   4.0333333e+00   1.7434442e+00
   8.7000000e-01   3.8666667e+00   3.8206262e+00
   3.0500000e-01   2.8000000e+00   2.0930994e+00
   2.2000000e-01   2.0666667e+00   1.4310181e+00
   7.1000000e-01   1.4666667e+00   1.0996464e+00
   8.0000000e-01  -1.4000000e+00   1.2850272e+00
   3.4500000e-01   4.6333333e+00   9.2540779e-01
   6.9000000e-01   1.7333333e+00   1.5718567e+00
   9.3500000e-01   2.9333333e+00   4.9601622e+00
   8.1500000e-01   3.2333333e+00   3.9847176e+00
   9.3000000e-01  -3.2333333e+00   4.9551309e+00
   7.8500000e-01   4.7666667e+00   1.4765587e+00
  -1.9000000e-01   4.8333333e+00   1.1173755e+00
   9.5000000e-01  -4.4666667e+00   3.2106117e+00
   5.7500000e-01   1.4333333e+00   7.4532359e-01
   7.2000000e-01  -3.5333333e+00   3.2428721e+00
   4.9000000e-01   7.6666667e-01  -2.9463615e-01
   9.6500000e-01   3.2000000e+00   5.3209353e+00
   2.1500000e-01   4.3333333e-01  -2.8495681e-01
   7.7000000e-01  -2.2333333e+00   2.8600289e+00
   6.5000000e-02   1.0000000e+00   3.6289670e-01
   7.2000000e-01   4.2666667e+00   2.2297568e+00
   8.7500000e-01  -4.4666667e+00   2.6478399e+00
   5.4000000e-01   1.5000000e+00   8.1560251e-01
   6.3500000e-01   3.6000000e+00   2.7980597e+00
   6.6000000e-01   3.7666667e+00   2.7353559e+00
   3.5500000e-01   4.0000000e-01  -4.9880471e-01
   4.2500000e-01   4.5000000e+00   1.1579009e+00
   8.2500000e-01   4.9666667e+00   1.2111363e+00
   8.2000000e-01  -7.6666667e-01   1.2458352e-01
   8.9000000e-01  -5.0000000e-01   2.0855816e-02
   9.9500000e-01   2.7666667e+00   5.4721641e+00
   2.5000000e-01   4.4000000e+00   1.2215275e+00
   9.0500000e-01   2.5000000e+00   4.2366369e+00
   4.5000000e-01   4.9333333e+00   5.0597605e-01
   9.2000000e-01   2.0333333e+00   3.4792801e+00
   1.4000000e-01   4.7666667e+00   8.1971011e-01
   1.5000000e-01  -4.8666667e+00   6.9705028e-01
  -1.0000000e-02   4.3333333e+00   1.3764603e+00
   7.2500000e-01   4.0333333e+00   2.6578853e+00
   7.3000000e-01   3.5000000e+00   3.3217450e+00
   9.1000000e-01  -3.4666667e+00   4.6443599e+00
   8.5500000e-01   4.7666667e+00   1.8191611e+00
   3.3500000e-01   5.6666667e-01  -3.6596547e-01
   2.0000000e-02   4.0666667e+00   1.5943400e+00
   6.9500000e-01   4.7333333e+00   1.2222127e+00
   5.8500000e-01   2.2333333e+00   2.1099032e+00
   8.3000000e-01   5.0000000e-01  -2.0170093e-01
  -1.7500000e-01   1.7666667e+00   1.3621820e+00
   7.3500000e-01  -1.4666667e+00   1.1795320e+00
  -1.3000000e-01   2.3666667e+00   1.7716765e+00
   3.4500000e-01   2.6666667e-01  -5.4818439e-01
  -2.6500000e-01  -1.7666667e+00   1.4567308e+00
   2.2500000e-01   3.7000000e+00   1.8981479e+00
   2.1000000e-01   4.4333333e+00   1.1823697e+00
   8.9000000e-01   1.0000000e+00   8.4217697e-01
   7.7500000e-01   7.3333333e-01  -6.0207768e-02
   7.4500000e-01   3.6000000e+00   3.3219559e+00
   9.7000000e-01   1.0333333e+00   1.3909926e+00
   2.9000000e-01  -3.4666667e+00   2.0834096e+00
   4.8000000e-01   2.6666667e+00   2.3093363e+00
   5.9500000e-01   1.0333333e+00   9.5489277e-02
   9.7500000e-01   3.2333333e+00   5.4230337e+00
  -3.0000000e-02   4.6666667e+00   1.0752277e+00
   7.5000000e-01  -4.5333333e+00   1.8289428e+00
   6.4500000e-01   1.1333333e+00   3.2172610e-01
   1.9500000e-01   4.7000000e+00   8.6484092e-01
   9.9000000e-01  -2.4000000e+00   4.8957924e+00
   2.9500000e-01   2.6666667e+00   2.0106453e+00
   8.4000000e-01   3.7666667e+00   3.7421583e+00
   8.6000000e-01   4.8666667e+00   1.6122232e+00
   9.4500000e-01  -2.3333333e+00   4.3203445e+00
   1.0000000e+00   5.0000000e+00   2.2289262e+00
